9.282026886940002441e-01
6.329412460327148438e-01
3.920598626136779785e-01
2.785632610321044922e-01
1.355275660753250122e-01
6.332787126302719116e-02
4.451179876923561096e-02
2.469494938850402832e-02
1.852562464773654938e-02
8.930671028792858124e-03
3.184488974511623383e-03
2.830710029229521751e-03
2.427611500024795532e-03
1.242909347638487816e-03
4.728217027150094509e-04
1.408048672601580620e-03
4.606150032486766577e-04
1.160621410235762596e-03
1.165468478575348854e-03
2.397333009866997600e-04
2.221441391156986356e-04
3.952822007704526186e-04
3.579711847123689950e-05
7.976658525876700878e-05
3.861976074404083192e-05
2.063508145511150360e-04
4.090075526619330049e-05
1.453523727832362056e-04
1.234461669810116291e-03
4.415578587213531137e-05
1.445224279450485483e-05
2.181624950026161969e-05
9.613232577976305038e-06
1.611713923921342939e-05
4.666077529691392556e-06
3.249441215302795172e-05
2.177569967898307368e-06
1.645042902964632958e-05
7.971938430273439735e-06
8.154401257343124598e-06
4.201941919745877385e-06
2.316416384928743355e-06
3.037494388991035521e-05
1.386578560413909145e-06
7.926118996692821383e-06
7.929228559078183025e-06
5.491721367434365675e-06
2.148315388694754802e-06
3.086866513513086829e-07
1.389461431244853884e-05
3.324995304865296930e-06
1.321448280577897094e-06
1.073985686161904596e-06
9.416182365384884179e-06
1.393686147821426857e-06
1.944164012002147501e-07
2.661440703377593309e-07
8.203184052035794593e-07
3.872610676580734435e-08
4.330564991050778190e-07
1.730891057150074630e-07
1.130355400391636067e-07
7.229993457258387934e-07
6.959486853475027601e-08
1.958758275577565655e-07
2.195605048882498522e-07
1.245970935315199313e-07
1.538691890345944557e-06
2.678106056919205002e-07
5.380127277021529153e-07
1.011027507047401741e-06
1.409064680046867579e-06
2.435816668366896920e-07
3.229406786431354703e-07
3.580766616551045445e-08
3.423610905883833766e-08
3.791931885643862188e-05
1.744355273558539920e-07
1.418921456206589937e-04
1.738651539199054241e-03
6.027778454154031351e-08
3.173291815983247943e-07
2.184380036851507612e-07
6.229851123862317763e-08
5.062459251803375082e-08
1.750730734784156084e-05
5.724738016965602583e-09
8.901322701149183558e-08
2.143968558243614098e-08
1.432605313311796635e-05
7.240953436848940328e-07
5.612474041072346154e-09
1.234747748490860886e-09
1.032698015990263229e-08
5.612489584194690906e-09
1.082644985217484646e-06
2.637870011312770657e-08
5.129815505711121659e-08
5.904339062112740066e-08
2.806244836506266438e-08
