2.440476179122924805e+00
1.786251664161682129e+00
1.203525066375732422e+00
7.840293049812316895e-01
4.695316553115844727e-01
3.377082347869873047e-01
2.417083084583282471e-01
1.447596698999404907e-01
1.117621585726737976e-01
8.958242833614349365e-02
7.389476895332336426e-02
6.429234892129898071e-02
4.740744456648826599e-02
3.542219102382659912e-02
3.209243714809417725e-02
2.607402764260768890e-02
2.983525209128856659e-02
2.129039540886878967e-02
1.897582411766052246e-02
2.394173480570316315e-02
1.290848664939403534e-02
1.957930624485015869e-02
1.269249431788921356e-02
1.056843623518943787e-02
8.195184171199798584e-03
9.449095465242862701e-03
8.745410479605197906e-03
9.370156563818454742e-03
9.499435313045978546e-03
9.800776839256286621e-03
1.238224096596240997e-02
1.671874336898326874e-02
1.173971593379974365e-02
3.639109199866652489e-03
9.325514547526836395e-03
1.360486261546611786e-02
1.158988755196332932e-02
5.055441521108150482e-03
9.428746998310089111e-03
9.460780769586563110e-03
9.667650796473026276e-03
1.449947338551282883e-02
1.736502163112163544e-02
8.953405544161796570e-03
4.375705029815435410e-03
1.213303115218877792e-02
7.984773255884647369e-03
3.174559911713004112e-03
2.515789587050676346e-03
5.030190106481313705e-03
3.482251660898327827e-03
4.247392527759075165e-03
1.681606285274028778e-03
7.196631282567977905e-03
9.717890992760658264e-03
4.075189121067523956e-03
6.139269564300775528e-03
6.244968157261610031e-03
3.791006747633218765e-03
7.075726520270109177e-03
2.909222850576043129e-03
4.169322550296783447e-03
5.215868353843688965e-03
2.172796288505196571e-03
1.722328132018446922e-03
2.266240306198596954e-03
4.777002613991498947e-03
5.360107403248548508e-03
3.393312683328986168e-03
2.500377362594008446e-03
2.576127182692289352e-03
1.991090131923556328e-03
3.141179447993636131e-03
1.936608925461769104e-03
4.900110419839620590e-03
4.098630510270595551e-03
3.937987610697746277e-03
1.048884633928537369e-02
1.491825189441442490e-02
4.703898448497056961e-03
5.973959341645240784e-03
3.154071746394038200e-03
2.099759876728057861e-03
2.856266219168901443e-03
1.169685972854495049e-03
2.552219200879335403e-03
9.432993247173726559e-04
2.436006441712379456e-03
3.813378745689988136e-03
6.877183914184570312e-03
4.987555090337991714e-03
1.807186054065823555e-03
5.856633652001619339e-03
1.782483886927366257e-03
2.191735897213220596e-03
5.014363676309585571e-03
4.239996895194053650e-03
9.811018593609333038e-03
1.797709264792501926e-03
1.162120257504284382e-03
