1.032944965362548828e+01
7.272651672363281250e+00
3.981090307235717773e+00
3.292325496673583984e+00
2.878465652465820312e+00
2.522038459777832031e+00
2.231721878051757812e+00
1.892084836959838867e+00
1.658362269401550293e+00
1.560038447380065918e+00
1.390543699264526367e+00
1.306406736373901367e+00
1.169760465621948242e+00
1.162755846977233887e+00
1.243412971496582031e+00
1.110562920570373535e+00
1.079470157623291016e+00
9.877873063087463379e-01
1.001167058944702148e+00
1.095557332038879395e+00
1.065284609794616699e+00
9.649321436882019043e-01
9.186570048332214355e-01
9.919266104698181152e-01
9.283894896507263184e-01
9.408812522888183594e-01
9.415662288665771484e-01
9.242347478866577148e-01
9.488175511360168457e-01
9.012765288352966309e-01
9.613788127899169922e-01
9.474658966064453125e-01
9.217705130577087402e-01
9.443787336349487305e-01
8.957232832908630371e-01
9.237085580825805664e-01
8.687488436698913574e-01
9.266109466552734375e-01
8.694276809692382812e-01
8.841266036033630371e-01
9.826403260231018066e-01
9.152058959007263184e-01
9.288591146469116211e-01
8.835950493812561035e-01
9.351395368576049805e-01
9.177719354629516602e-01
9.064895510673522949e-01
9.761648774147033691e-01
8.990726470947265625e-01
9.373091459274291992e-01
9.760054945945739746e-01
8.344891071319580078e-01
8.609740138053894043e-01
9.368888735771179199e-01
9.042244553565979004e-01
9.037755727767944336e-01
8.735780119895935059e-01
8.767497539520263672e-01
8.404757380485534668e-01
8.208481073379516602e-01
8.737453818321228027e-01
8.597058653831481934e-01
9.114838838577270508e-01
1.472205042839050293e+00
9.543789625167846680e-01
1.020525932312011719e+00
9.696447253227233887e-01
9.241790771484375000e-01
8.741016983985900879e-01
8.480316400527954102e-01
8.779792189598083496e-01
8.855316638946533203e-01
8.703305125236511230e-01
8.437821269035339355e-01
8.295600414276123047e-01
8.555132746696472168e-01
8.780079483985900879e-01
8.740006685256958008e-01
8.797908425331115723e-01
9.196079373359680176e-01
8.969911932945251465e-01
9.668611884117126465e-01
9.064711928367614746e-01
8.526784777641296387e-01
9.452089071273803711e-01
9.351518154144287109e-01
9.623838067054748535e-01
9.288124442100524902e-01
9.183298349380493164e-01
8.635854125022888184e-01
8.801389932632446289e-01
9.171962738037109375e-01
8.858234286308288574e-01
8.747321367263793945e-01
9.242624640464782715e-01
8.513056635856628418e-01
8.924322724342346191e-01
8.929859995841979980e-01
8.996264338493347168e-01
8.742934465408325195e-01
8.613598942756652832e-01
8.621303439140319824e-01
8.384078145027160645e-01
8.444566726684570312e-01
8.628545999526977539e-01
9.045885801315307617e-01
8.522683382034301758e-01
8.757311105728149414e-01
8.271479606628417969e-01
8.862916231155395508e-01
8.763436079025268555e-01
8.864668607711791992e-01
8.738035559654235840e-01
8.427985906600952148e-01
8.315384984016418457e-01
8.373274803161621094e-01
8.416682481765747070e-01
9.100958704948425293e-01
8.792579174041748047e-01
8.548136949539184570e-01
9.497483372688293457e-01
9.421751499176025391e-01
8.479321599006652832e-01
8.367294669151306152e-01
8.306526541709899902e-01
8.208540678024291992e-01
8.346114754676818848e-01
8.171755671501159668e-01
8.320257067680358887e-01
8.479380011558532715e-01
9.021426439285278320e-01
8.387262821197509766e-01
8.072617650032043457e-01
8.326286673545837402e-01
7.957731485366821289e-01
8.271191120147705078e-01
1.085996389389038086e+00
8.837535977363586426e-01
8.471370935440063477e-01
8.235602974891662598e-01
8.256332278251647949e-01
7.894985079765319824e-01
7.864274382591247559e-01
8.159694671630859375e-01
8.053316473960876465e-01
8.136889934539794922e-01
8.693031668663024902e-01
8.790857195854187012e-01
8.159450888633728027e-01
7.964111566543579102e-01
8.261948227882385254e-01
9.007314443588256836e-01
8.350152969360351562e-01
9.012785553932189941e-01
8.914225101470947266e-01
8.196540474891662598e-01
8.520205020904541016e-01
9.645835757255554199e-01
1.053011536598205566e+00
8.781615495681762695e-01
8.701058030128479004e-01
8.482111692428588867e-01
8.557767271995544434e-01
8.266814947128295898e-01
8.420538902282714844e-01
8.147316575050354004e-01
8.490800857543945312e-01
8.422556519508361816e-01
8.109465241432189941e-01
8.018641471862792969e-01
7.942230701446533203e-01
8.461423516273498535e-01
7.945718765258789062e-01
8.039173483848571777e-01
8.208301067352294922e-01
7.792463898658752441e-01
7.970600128173828125e-01
8.507936000823974609e-01
8.403744697570800781e-01
8.579122424125671387e-01
8.247621059417724609e-01
7.801849842071533203e-01
7.998691201210021973e-01
8.125368952751159668e-01
7.827873229980468750e-01
8.441572785377502441e-01
7.920269966125488281e-01
8.212969899177551270e-01
7.935848236083984375e-01
8.086729049682617188e-01
8.307358622550964355e-01
8.453769087791442871e-01
8.317295908927917480e-01
8.406674265861511230e-01
8.420429229736328125e-01
8.310497403144836426e-01
8.381412625312805176e-01
8.382323980331420898e-01
8.167064189910888672e-01
8.213090896606445312e-01
8.154777884483337402e-01
8.183712363243103027e-01
8.743526339530944824e-01
7.974458932876586914e-01
7.798202037811279297e-01
8.267431259155273438e-01
8.049060106277465820e-01
8.289449214935302734e-01
7.760125398635864258e-01
7.773398756980895996e-01
8.395977616310119629e-01
8.019279837608337402e-01
7.925006151199340820e-01
8.313609361648559570e-01
8.037359118461608887e-01
7.868523597717285156e-01
7.690295577049255371e-01
7.872613072395324707e-01
8.378019928932189941e-01
9.741737842559814453e-01
7.808384299278259277e-01
7.639445662498474121e-01
7.913560867309570312e-01
8.060975074768066406e-01
7.545649409294128418e-01
7.714126706123352051e-01
8.110564351081848145e-01
8.342390656471252441e-01
7.737969756126403809e-01
8.067789077758789062e-01
8.608408570289611816e-01
8.029500246047973633e-01
8.007311224937438965e-01
7.887232303619384766e-01
8.310167789459228516e-01
8.080228567123413086e-01
8.503827452659606934e-01
8.228775858879089355e-01
8.114537000656127930e-01
7.487971782684326172e-01
7.769703865051269531e-01
8.230261802673339844e-01
8.652439117431640625e-01
8.200347423553466797e-01
8.436569571495056152e-01
8.190970420837402344e-01
8.444451689720153809e-01
8.054504394531250000e-01
8.119810819625854492e-01
8.085618019104003906e-01
7.994942069053649902e-01
7.870526909828186035e-01
7.857528924942016602e-01
7.720296978950500488e-01
7.927116155624389648e-01
7.796359062194824219e-01
7.528246045112609863e-01
7.785446047782897949e-01
8.276422619819641113e-01
7.715962529182434082e-01
8.215904235839843750e-01
8.262957930564880371e-01
7.532206177711486816e-01
8.102893829345703125e-01
8.152630329132080078e-01
7.763679027557373047e-01
9.656025767326354980e-01
9.956097006797790527e-01
8.179686665534973145e-01
8.529351949691772461e-01
8.208552598953247070e-01
7.745680809020996094e-01
7.617637515068054199e-01
7.750679850578308105e-01
7.502560615539550781e-01
7.503297924995422363e-01
7.637473344802856445e-01
7.562512159347534180e-01
8.224572539329528809e-01
8.271341323852539062e-01
8.601316213607788086e-01
8.165456652641296387e-01
8.351931571960449219e-01
8.648777604103088379e-01
8.987108469009399414e-01
8.739105463027954102e-01
9.062954187393188477e-01
8.759102821350097656e-01
8.298209309577941895e-01
8.076441884040832520e-01
8.479404449462890625e-01
8.627964854240417480e-01
8.077660799026489258e-01
8.348879814147949219e-01
8.379485607147216797e-01
8.244097232818603516e-01
8.264249563217163086e-01
8.001337051391601562e-01
8.305622339248657227e-01
7.939232587814331055e-01
8.427531719207763672e-01
9.016606211662292480e-01
8.022432923316955566e-01
8.152325749397277832e-01
7.789295911788940430e-01
8.407770395278930664e-01
7.639186382293701172e-01
7.965876460075378418e-01
7.783762216567993164e-01
7.479873895645141602e-01
8.349570631980895996e-01
8.175276517868041992e-01
7.920802235603332520e-01
7.771194577217102051e-01
8.159731626510620117e-01
8.603408932685852051e-01
7.977448701858520508e-01
8.329837918281555176e-01
8.638975024223327637e-01
8.056954741477966309e-01
8.023243546485900879e-01
7.508100867271423340e-01
7.908061146736145020e-01
8.209037780761718750e-01
8.196546435356140137e-01
7.775924801826477051e-01
8.070127367973327637e-01
7.751147150993347168e-01
7.548903226852416992e-01
8.054363131523132324e-01
7.840541601181030273e-01
8.311070203781127930e-01
9.316380620002746582e-01
8.741594552993774414e-01
8.701565861701965332e-01
8.016533255577087402e-01
8.603202104568481445e-01
8.009667396545410156e-01
7.929098606109619141e-01
7.993425726890563965e-01
7.907764315605163574e-01
8.047580718994140625e-01
7.852259278297424316e-01
7.903894186019897461e-01
7.895137071609497070e-01
7.688817977905273438e-01
8.248528242111206055e-01
7.941070199012756348e-01
7.463638186454772949e-01
7.511503696441650391e-01
7.595934867858886719e-01
7.501566410064697266e-01
7.428762316703796387e-01
7.671155333518981934e-01
7.658028602600097656e-01
7.565714120864868164e-01
7.509075403213500977e-01
7.501268386840820312e-01
7.532953619956970215e-01
7.732239961624145508e-01
7.637983560562133789e-01
7.689256668090820312e-01
7.829862833023071289e-01
7.959499955177307129e-01
7.573282718658447266e-01
8.415018320083618164e-01
7.648615241050720215e-01
7.734085917472839355e-01
7.592672705650329590e-01
7.712614536285400391e-01
7.732882499694824219e-01
7.786424160003662109e-01
8.129150867462158203e-01
8.584212064743041992e-01
8.879638910293579102e-01
8.554472923278808594e-01
8.666203618049621582e-01
8.440895080566406250e-01
8.140766620635986328e-01
7.444991469383239746e-01
8.179983496665954590e-01
7.649589180946350098e-01
7.465841770172119141e-01
7.887849211692810059e-01
7.393852472305297852e-01
8.287261724472045898e-01
8.708661794662475586e-01
7.376971840858459473e-01
7.483488917350769043e-01
7.817191481590270996e-01
7.366133928298950195e-01
7.539930939674377441e-01
7.510806322097778320e-01
7.260336279869079590e-01
7.342745661735534668e-01
7.326821088790893555e-01
7.582994103431701660e-01
7.243781685829162598e-01
7.458640933036804199e-01
7.372263073921203613e-01
7.225749492645263672e-01
7.433814406394958496e-01
7.389621734619140625e-01
7.346019744873046875e-01
7.157717943191528320e-01
7.762988805770874023e-01
8.029366731643676758e-01
7.623953223228454590e-01
7.470154166221618652e-01
7.393689751625061035e-01
8.092419505119323730e-01
7.835990786552429199e-01
7.916443347930908203e-01
8.133922815322875977e-01
7.493323087692260742e-01
7.633125782012939453e-01
7.485803961753845215e-01
7.637119293212890625e-01
7.355919480323791504e-01
7.325906157493591309e-01
7.223231196403503418e-01
8.338583111763000488e-01
8.625295162200927734e-01
8.589770197868347168e-01
7.666990160942077637e-01
8.062614798545837402e-01
8.442488908767700195e-01
8.131733536720275879e-01
8.145204782485961914e-01
7.734956145286560059e-01
7.938971519470214844e-01
8.064953684806823730e-01
7.495584487915039062e-01
7.674100399017333984e-01
7.669992446899414062e-01
7.521806359291076660e-01
7.452199459075927734e-01
7.763260602951049805e-01
7.982192635536193848e-01
8.114528656005859375e-01
7.716695070266723633e-01
8.227900266647338867e-01
8.310446143150329590e-01
7.942891120910644531e-01
7.265949249267578125e-01
7.391339540481567383e-01
7.193129658699035645e-01
7.548935413360595703e-01
7.566353082656860352e-01
7.553766965866088867e-01
7.370719313621520996e-01
7.292328476905822754e-01
7.775447368621826172e-01
7.611789107322692871e-01
7.759599685668945312e-01
7.549964189529418945e-01
7.316154837608337402e-01
7.203457355499267578e-01
7.136361598968505859e-01
7.133213877677917480e-01
7.452133893966674805e-01
7.336405515670776367e-01
7.176755666732788086e-01
7.592864036560058594e-01
7.494516968727111816e-01
7.218235135078430176e-01
7.354013323783874512e-01
7.646347284317016602e-01
7.222272753715515137e-01
7.077913284301757812e-01
7.305915355682373047e-01
7.525996565818786621e-01
7.612178921699523926e-01
7.834262847900390625e-01
7.713501453399658203e-01
7.696261405944824219e-01
8.509032130241394043e-01
8.168184161186218262e-01
8.700309395790100098e-01
8.512132763862609863e-01
8.242141604423522949e-01
8.114426732063293457e-01
8.171751499176025391e-01
8.056779503822326660e-01
7.601208090782165527e-01
7.414640784263610840e-01
7.324606180191040039e-01
7.170119881629943848e-01
8.366729021072387695e-01
7.476675510406494141e-01
7.654175758361816406e-01
7.218068838119506836e-01
7.753509283065795898e-01
7.514315247535705566e-01
7.290744185447692871e-01
7.482080459594726562e-01
7.606187462806701660e-01
7.690533399581909180e-01
7.318782210350036621e-01
7.365514039993286133e-01
