1.107477068901062012e+00
1.029554724693298340e+00
1.096451520919799805e+00
1.057426095008850098e+00
9.905797839164733887e-01
1.124493479728698730e+00
1.057919144630432129e+00
1.063283085823059082e+00
1.034839749336242676e+00
1.042518973350524902e+00
1.058381557464599609e+00
1.083273530006408691e+00
1.042774438858032227e+00
9.773337841033935547e-01
1.003947019577026367e+00
1.036956191062927246e+00
9.887078404426574707e-01
9.709731936454772949e-01
9.818569421768188477e-01
1.034318208694458008e+00
1.048622727394104004e+00
1.022879838943481445e+00
1.066048026084899902e+00
1.055799603462219238e+00
1.060495734214782715e+00
1.055418729782104492e+00
1.073080658912658691e+00
9.861857891082763672e-01
1.014086246490478516e+00
1.015376210212707520e+00
1.017339825630187988e+00
1.002898454666137695e+00
9.944379329681396484e-01
1.027013778686523438e+00
1.012684583663940430e+00
1.033367395401000977e+00
1.017649412155151367e+00
1.022217154502868652e+00
1.010675311088562012e+00
1.002718091011047363e+00
9.956583380699157715e-01
1.011947154998779297e+00
1.040592908859252930e+00
1.023831605911254883e+00
1.041122913360595703e+00
1.049400448799133301e+00
1.023810744285583496e+00
1.027243137359619141e+00
1.050864219665527344e+00
1.055595874786376953e+00
1.032229661941528320e+00
1.023614764213562012e+00
1.025704860687255859e+00
1.040558576583862305e+00
1.015789628028869629e+00
1.003550887107849121e+00
9.972267150878906250e-01
1.016325831413269043e+00
1.003795981407165527e+00
1.013248801231384277e+00
1.021074533462524414e+00
9.911207556724548340e-01
9.992248415946960449e-01
1.017321825027465820e+00
1.024808883666992188e+00
9.886382222175598145e-01
1.045741081237792969e+00
1.077460885047912598e+00
1.076979279518127441e+00
1.036660313606262207e+00
1.039212703704833984e+00
1.055581569671630859e+00
1.049957513809204102e+00
1.044318437576293945e+00
1.041896104812622070e+00
1.100669622421264648e+00
1.080976963043212891e+00
1.115647196769714355e+00
1.143159866333007812e+00
1.095907688140869141e+00
1.100269913673400879e+00
1.101531624794006348e+00
1.107785344123840332e+00
1.084999799728393555e+00
1.057708263397216797e+00
1.082356810569763184e+00
1.079093337059020996e+00
1.083408236503601074e+00
1.102811098098754883e+00
1.070872545242309570e+00
1.081947088241577148e+00
1.080040097236633301e+00
1.062379002571105957e+00
1.062706112861633301e+00
1.086131691932678223e+00
1.068388700485229492e+00
1.069263696670532227e+00
1.079972147941589355e+00
1.055181980133056641e+00
1.065729737281799316e+00
