2.639091491699218750e+00
2.076930522918701172e+00
1.398827075958251953e+00
6.460626721382141113e-01
2.864009141921997070e-01
1.475077271461486816e-01
9.349190443754196167e-02
5.967272445559501648e-02
3.703669086098670959e-02
4.007501900196075439e-02
2.573948353528976440e-02
2.891752682626247406e-02
1.938023418188095093e-02
1.890318840742111206e-02
1.427237782627344131e-02
1.281901635229587555e-02
1.095394324511289597e-02
1.080916170030832291e-02
8.568136021494865417e-03
8.800864219665527344e-03
9.617809206247329712e-03
7.391729392111301422e-03
5.627065431326627731e-03
7.183170877397060394e-03
4.011147189885377884e-03
3.446283284574747086e-03
5.012706387788057327e-03
7.414832245558500290e-03
4.873627331107854843e-03
3.705160692334175110e-03
3.959212917834520340e-03
2.730678301304578781e-03
2.531346632167696953e-03
2.786119468510150909e-03
2.953893970698118210e-03
3.624747972935438156e-03
2.044257009401917458e-03
1.960466615855693817e-03
1.987422816455364227e-03
6.053454126231372356e-04
1.515885000117123127e-03
1.738326507620513439e-03
7.925755344331264496e-04
1.412753132171928883e-03
2.138926414772868156e-03
1.652677776291966438e-03
1.931591308675706387e-03
1.669341814704239368e-03
1.185190631076693535e-03
1.656638807617127895e-03
8.936453610658645630e-03
3.669890761375427246e-02
3.331855172291398048e-03
5.616368725895881653e-03
4.855555016547441483e-03
6.438115146011114120e-03
3.368373727425932884e-03
2.444055862724781036e-03
3.406170522794127464e-03
3.110297489911317825e-03
1.111835823394358158e-03
2.490817802026867867e-03
3.480187384411692619e-03
1.219644094817340374e-03
4.492662381380796432e-03
4.161395132541656494e-03
4.921394400298595428e-03
4.091642331331968307e-03
4.556048195809125900e-03
1.563715864904224873e-03
9.576533921062946320e-03
2.575930207967758179e-03
2.153276233002543449e-03
3.016897477209568024e-03
1.461855485104024410e-03
1.028091879561543465e-03
1.629607053473591805e-03
6.184644298627972603e-04
3.539067925885319710e-03
1.188859343528747559e-03
1.117013162001967430e-03
9.506698697805404663e-04
1.726094633340835571e-03
1.444772467948496342e-03
2.425840822979807854e-03
3.263009712100028992e-03
2.275425475090742111e-03
5.509193055331707001e-03
6.984035950154066086e-03
2.547449432313442230e-02
4.446053877472877502e-03
5.657981615513563156e-03
5.111433099955320358e-03
5.481466650962829590e-04
1.247679349035024643e-03
1.007075794041156769e-02
3.786276560276746750e-03
4.835737869143486023e-03
6.604455411434173584e-04
1.240657176822423935e-03
