2.801573753356933594e+00
2.695294141769409180e+00
2.699894428253173828e+00
2.664800405502319336e+00
2.593901872634887695e+00
2.591609954833984375e+00
2.589347124099731445e+00
2.595254898071289062e+00
2.574692487716674805e+00
2.543917179107666016e+00
2.558718442916870117e+00
2.611582994461059570e+00
2.589962959289550781e+00
2.566654682159423828e+00
2.568488597869873047e+00
2.561276197433471680e+00
2.547842025756835938e+00
2.518165349960327148e+00
2.593034744262695312e+00
2.627676963806152344e+00
2.557889223098754883e+00
2.559930324554443359e+00
2.523880720138549805e+00
2.538711547851562500e+00
2.559966564178466797e+00
2.533226728439331055e+00
2.516959428787231445e+00
2.519381523132324219e+00
2.531299114227294922e+00
2.512108325958251953e+00
2.500755548477172852e+00
2.492694139480590820e+00
2.495754957199096680e+00
2.484079360961914062e+00
2.524019956588745117e+00
2.519330501556396484e+00
2.512177705764770508e+00
2.514136791229248047e+00
2.493714094161987305e+00
2.518407344818115234e+00
2.491702556610107422e+00
2.486603021621704102e+00
2.467870712280273438e+00
2.468038558959960938e+00
2.486891269683837891e+00
2.473980903625488281e+00
2.468230485916137695e+00
2.463046073913574219e+00
2.464064598083496094e+00
2.447797298431396484e+00
2.459951162338256836e+00
2.431958198547363281e+00
2.446325063705444336e+00
2.474228382110595703e+00
2.484773635864257812e+00
2.481534481048583984e+00
2.461263656616210938e+00
2.459195852279663086e+00
2.473991155624389648e+00
2.475345849990844727e+00
2.470319747924804688e+00
2.447743654251098633e+00
2.516807556152343750e+00
2.498717069625854492e+00
2.468090534210205078e+00
2.515089035034179688e+00
2.524858474731445312e+00
2.499372720718383789e+00
2.493200063705444336e+00
2.495936632156372070e+00
2.486133813858032227e+00
2.461741447448730469e+00
2.459334373474121094e+00
2.471122503280639648e+00
2.488662004470825195e+00
2.524724721908569336e+00
2.505619049072265625e+00
2.503229856491088867e+00
2.492981433868408203e+00
2.522911071777343750e+00
2.513765811920166016e+00
2.521967172622680664e+00
2.510399818420410156e+00
2.498027086257934570e+00
2.491384029388427734e+00
2.535311937332153320e+00
2.532115936279296875e+00
2.515756845474243164e+00
2.527570962905883789e+00
2.521285295486450195e+00
2.517978668212890625e+00
2.516886472702026367e+00
2.502390384674072266e+00
2.513098955154418945e+00
2.494862556457519531e+00
2.491729259490966797e+00
2.506769180297851562e+00
2.526492834091186523e+00
2.512728452682495117e+00
2.494244098663330078e+00
