4.139378666877746582e-01
4.811083078384399414e-01
4.550797641277313232e-01
3.560033440589904785e-01
3.971452414989471436e-01
4.206549227237701416e-01
4.273719489574432373e-01
4.609571695327758789e-01
4.617968201637268066e-01
4.626364409923553467e-01
4.676742255687713623e-01
4.021830260753631592e-01
4.525608718395233154e-01
4.903442561626434326e-01
4.752309024333953857e-01
4.634760618209838867e-01
4.668346047401428223e-01
4.685138463973999023e-01
4.592779278755187988e-01
4.592779278755187988e-01
4.634760618209838867e-01
4.592779278755187988e-01
4.290512204170227051e-01
4.592779278755187988e-01
4.013434052467346191e-01
4.130982458591461182e-01
3.979848921298980713e-01
4.802686870098114014e-01
4.710327386856079102e-01
4.743912816047668457e-01
4.626364409923553467e-01
4.332493841648101807e-01
4.869857132434844971e-01
4.752309024333953857e-01
4.718723893165588379e-01
4.970612823963165283e-01
4.785894155502319336e-01
4.701931178569793701e-01
4.819479286670684814e-01
4.920234978199005127e-01
5.138539075851440430e-01
5.079764723777770996e-01
4.869857132434844971e-01
4.634760618209838867e-01
4.886649847030639648e-01
5.004197955131530762e-01
4.601175487041473389e-01
5.172124505043029785e-01
4.987405538558959961e-01
4.861460924148559570e-01
5.071368813514709473e-01
4.626364409923553467e-01
4.937027692794799805e-01
4.836272001266479492e-01
4.962216615676879883e-01
5.029386878013610840e-01
5.398824810981750488e-01
5.197313427925109863e-01
4.584382772445678711e-01
4.743912816047668457e-01
5.289672613143920898e-01
5.348446965217590332e-01
4.735516309738159180e-01
4.836272001266479492e-01
4.676742255687713623e-01
4.273719489574432373e-01
4.172963798046112061e-01
3.895885944366455078e-01
4.122585952281951904e-01
5.096557736396789551e-01
5.104953646659851074e-01
4.559193849563598633e-01
5.281276106834411621e-01
4.584382772445678711e-01
4.147774875164031982e-01
4.038622975349426270e-01
4.105793535709381104e-01
3.912678360939025879e-01
4.038622975349426270e-01
2.913517951965332031e-01
2.921914458274841309e-01
3.047859072685241699e-01
3.047859072685241699e-01
3.131822049617767334e-01
3.450881540775299072e-01
3.811922669410705566e-01
2.854743897914886475e-01
2.863140106201171875e-01
2.829554975032806396e-01
3.895885944366455078e-01
3.492863178253173828e-01
2.997481226921081543e-01
3.912678360939025879e-01
2.905121743679046631e-01
3.106633126735687256e-01
4.853064715862274170e-01
4.777497947216033936e-01
3.073047995567321777e-01
3.828715384006500244e-01
4.668346047401428223e-01
