6.760416030883789062e-01
4.339123517274856567e-02
1.033630222082138062e-02
2.226467709988355637e-03
1.515213749371469021e-03
5.137547268532216549e-04
3.786374581977725029e-04
2.554045058786869049e-04
1.558896619826555252e-04
2.723611833062022924e-04
2.571257937233895063e-04
8.394253381993621588e-05
5.963519652141258121e-05
4.060906576341949403e-05
3.306927101220935583e-05
7.398271467536687851e-03
2.173583925468847156e-04
7.306715269805863500e-05
3.028413630090653896e-05
2.153205787180922925e-05
2.223038791271392256e-05
1.379907916998490691e-05
1.421510387444868684e-05
1.003704164759255946e-05
7.862113307055551559e-06
7.497487786167766899e-06
6.731893790856702253e-06
5.696871085092425346e-06
6.358343853207770735e-06
6.086402663640910760e-06
4.571150839183246717e-06
5.910745130677241832e-06
3.911656676791608334e-06
3.813968078247853555e-06
9.708158358989749104e-06
2.945481583083164878e-06
3.774533070100005716e-06
2.444029860271257348e-06
2.155368065359652974e-06
2.060881570287165232e-06
1.014594727166695520e-05
2.391277803326374851e-06
1.848388365033315495e-06
2.363757630519103259e-06
2.216122766185435466e-06
1.816156441236671526e-06
1.632892349334724713e-06
1.746295311022549868e-06
3.661829850898357108e-06
1.179878836410352960e-06
7.828165848877688404e-07
6.953366664674831554e-07
5.939439233770826831e-07
5.320873128766834270e-07
5.121690378473431338e-07
6.037527668922848534e-07
4.533152377916849218e-07
7.086486562002392020e-07
4.443069485660089413e-07
3.730417290626064641e-07
4.908495156996650621e-07
5.394940103542467114e-07
4.103758897144871298e-07
2.879638429931219434e-07
2.582366391834511887e-07
2.669445962055760901e-07
3.118856852779572364e-07
2.681456976461049635e-07
2.285093927412162884e-07
3.216945856365782674e-07
2.571356105818267679e-07
2.554340596816473408e-07
2.426223488782852655e-07
2.764533064691931941e-07
1.802652320748165948e-07
1.460338410197437042e-07
1.397280584569671191e-07
1.250145942321978509e-07
1.271165075422686641e-07
1.276169712127739331e-07
9.919092747168178903e-08
4.173822105713043129e-07
1.712569712708500447e-07
9.899073916130873840e-08
8.297605802454199875e-08
1.066977972641325323e-07
1.154057684971121489e-07
7.346734065549753723e-08
6.355825377113433206e-08
1.543309622320521157e-06
2.283176640048623085e-03
1.371204416500404477e-04
8.140301360981538892e-06
2.051614274023449980e-06
1.805508986763015855e-06
2.138027412001974881e-06
1.919854867082904093e-06
1.217416411236627027e-06
1.477079308642714750e-06
1.215125394082861021e-06
