2.438654661178588867e+00
8.411785364151000977e-01
1.189450174570083618e-01
4.290338605642318726e-02
2.341890521347522736e-02
1.210406795144081116e-02
7.644548546522855759e-03
7.475316524505615234e-03
4.658613353967666626e-03
4.361620172858238220e-03
4.395525902509689331e-03
8.296621032059192657e-03
3.933114930987358093e-03
1.463615568354725838e-03
2.522533992305397987e-03
9.585492312908172607e-03
4.972117766737937927e-02
2.501965872943401337e-02
3.697024192661046982e-03
1.276354771107435226e-03
1.344762276858091354e-03
5.640399176627397537e-04
7.790871895849704742e-04
4.108365392312407494e-04
3.417614789213985205e-04
4.392117843963205814e-04
3.193827578797936440e-04
2.843381371349096298e-04
3.043108736164867878e-04
3.188424452673643827e-04
1.976144412765279412e-04
2.835894410964101553e-04
1.842846977524459362e-04
2.159349241992458701e-04
3.315998765174299479e-04
5.719407345168292522e-04
3.040969895664602518e-04
1.522710808785632253e-04
1.176146470243111253e-04
1.767033536452800035e-04
5.711973179131746292e-03
1.022652606479823589e-03
3.377140965312719345e-04
1.795060234144330025e-04
4.223175637889653444e-04
2.269810502184554935e-04
1.687362237134948373e-04
1.450162235414609313e-04
1.910268329083919525e-04
1.144703637692146003e-04
9.524321649223566055e-05
8.738184260437265038e-05
6.730563472956418991e-05
6.043844041414558887e-05
5.372181112761609256e-05
8.142453589243814349e-05
4.885177622782066464e-05
7.327005005208775401e-05
4.304285175749100745e-05
4.635169170796871185e-05
5.096420136396773160e-05
6.507062062155455351e-05
4.106976848561316729e-05
2.450524152664002031e-05
4.211503619444556534e-05
4.100759906577877700e-05
4.773398904944770038e-05
3.259634831920266151e-05
2.370712172705680132e-05
7.842609193176031113e-05
2.498788853699807078e-05
2.635054806887637824e-05
2.981876423291396350e-05
3.238556746509857476e-05
3.132853817078284919e-05
1.776201861503068358e-05
2.917372512456495315e-05
1.749660259520169348e-05
1.716944825602695346e-05
1.897368383652064949e-05
1.543649705126881599e-05
8.179428550647571683e-05
3.235040639992803335e-05
1.507533852418418974e-05
1.768688707670662552e-05
2.608955765026621521e-05
3.349998951307497919e-05
1.802660153771284968e-05
1.157283077191095799e-05
1.780905586201697588e-04
4.129818116780370474e-04
1.095238998532295227e-01
4.829269833862781525e-03
6.429222412407398224e-04
7.960540242493152618e-04
3.011797671206295490e-04
1.928534038597717881e-04
1.837246236391365528e-04
3.369442420080304146e-04
2.517566026654094458e-04
