1.793033123016357422e+00
1.706267118453979492e+00
1.695182800292968750e+00
1.579714417457580566e+00
1.384316802024841309e+00
1.424990415573120117e+00
1.240962505340576172e+00
1.050209164619445801e+00
9.254648685455322266e-01
8.490353822708129883e-01
1.002872467041015625e+00
8.205731511116027832e-01
7.548643350601196289e-01
6.444736719131469727e-01
7.178878188133239746e-01
7.776699066162109375e-01
6.578606367111206055e-01
5.934556126594543457e-01
6.407899856567382812e-01
7.802308797836303711e-01
7.139447331428527832e-01
6.641697883605957031e-01
7.513387203216552734e-01
6.272863149642944336e-01
5.999411344528198242e-01
6.922026276588439941e-01
7.025200724601745605e-01
6.554887294769287109e-01
6.792192459106445312e-01
6.724464893341064453e-01
6.864249110221862793e-01
6.431156396865844727e-01
6.768848896026611328e-01
7.021290659904479980e-01
5.742567181587219238e-01
6.181975603103637695e-01
6.257576942443847656e-01
5.573669075965881348e-01
6.125746965408325195e-01
5.991024971008300781e-01
6.765469312667846680e-01
6.004354953765869141e-01
7.225863337516784668e-01
6.480992436408996582e-01
7.967666387557983398e-01
7.289017438888549805e-01
5.754432082176208496e-01
7.409322857856750488e-01
6.544644236564636230e-01
6.640034914016723633e-01
7.113984227180480957e-01
6.952501535415649414e-01
5.799516439437866211e-01
7.276386618614196777e-01
5.741882324218750000e-01
6.278758645057678223e-01
7.029246687889099121e-01
6.325316429138183594e-01
6.233683228492736816e-01
6.340019702911376953e-01
5.798686146736145020e-01
6.584501862525939941e-01
6.359811425209045410e-01
7.014968395233154297e-01
7.813660502433776855e-01
6.977012157440185547e-01
7.052193284034729004e-01
6.109446287155151367e-01
6.653625965118408203e-01
5.985121726989746094e-01
7.079597115516662598e-01
7.308948636054992676e-01
6.654446721076965332e-01
7.634424567222595215e-01
5.875476002693176270e-01
7.084776759147644043e-01
5.698187947273254395e-01
6.387922763824462891e-01
6.654877066612243652e-01
6.062100529670715332e-01
5.849021673202514648e-01
7.935408949851989746e-01
5.449086427688598633e-01
6.948074102401733398e-01
6.109126806259155273e-01
5.565367937088012695e-01
7.734577059745788574e-01
7.736737728118896484e-01
5.909244418144226074e-01
5.462245941162109375e-01
5.724136233329772949e-01
5.963907837867736816e-01
6.487469077110290527e-01
5.154046416282653809e-01
5.893428921699523926e-01
5.088795423507690430e-01
5.633749365806579590e-01
4.948977530002593994e-01
5.221717953681945801e-01
6.413314342498779297e-01
5.305401682853698730e-01
6.170021891593933105e-01
6.221475005149841309e-01
5.539187192916870117e-01
5.964189767837524414e-01
6.824582815170288086e-01
5.405608415603637695e-01
6.900871396064758301e-01
5.363402366638183594e-01
5.120543837547302246e-01
5.689228773117065430e-01
4.815258681774139404e-01
5.821272134780883789e-01
4.742379784584045410e-01
5.142364501953125000e-01
5.312942862510681152e-01
5.828173756599426270e-01
5.281301140785217285e-01
5.766021609306335449e-01
5.749375820159912109e-01
6.922781467437744141e-01
6.127558350563049316e-01
6.160810589790344238e-01
5.688000917434692383e-01
5.720716118812561035e-01
5.664060711860656738e-01
5.720379948616027832e-01
5.701403021812438965e-01
5.581755042076110840e-01
4.993185102939605713e-01
5.369099974632263184e-01
5.240286588668823242e-01
5.213988423347473145e-01
5.836756825447082520e-01
4.740943908691406250e-01
4.673870205879211426e-01
6.386220455169677734e-01
5.464381575584411621e-01
5.969111323356628418e-01
5.011689066886901855e-01
5.191574692726135254e-01
5.846248865127563477e-01
5.379973053932189941e-01
5.346809029579162598e-01
6.756616234779357910e-01
5.035800337791442871e-01
5.842151045799255371e-01
5.828858613967895508e-01
5.423141121864318848e-01
5.295367836952209473e-01
6.101531982421875000e-01
5.485281348228454590e-01
5.633100271224975586e-01
5.319619178771972656e-01
4.605047702789306641e-01
6.402350068092346191e-01
5.496952533721923828e-01
5.760816335678100586e-01
5.176771879196166992e-01
5.765916705131530762e-01
5.071304440498352051e-01
5.407894253730773926e-01
5.296412706375122070e-01
5.139177441596984863e-01
5.843741893768310547e-01
4.756140708923339844e-01
5.143202543258666992e-01
5.306078791618347168e-01
5.110275745391845703e-01
4.386877417564392090e-01
5.616458058357238770e-01
5.481041073799133301e-01
5.199450850486755371e-01
5.839668512344360352e-01
6.213561296463012695e-01
4.796507954597473145e-01
6.727007627487182617e-01
6.915441751480102539e-01
3.958483636379241943e-01
5.032202601432800293e-01
5.451629757881164551e-01
5.459523200988769531e-01
4.777257442474365234e-01
4.980871081352233887e-01
5.328677892684936523e-01
5.376563668251037598e-01
5.145912170410156250e-01
5.950207710266113281e-01
5.116252899169921875e-01
6.080342531204223633e-01
5.295979380607604980e-01
4.992984235286712646e-01
4.624157249927520752e-01
5.283520221710205078e-01
5.146409273147583008e-01
5.194554328918457031e-01
5.120906233787536621e-01
5.119536519050598145e-01
5.227778553962707520e-01
5.757219195365905762e-01
6.335592865943908691e-01
5.057305693626403809e-01
5.206707715988159180e-01
5.656653046607971191e-01
5.466256141662597656e-01
4.699932634830474854e-01
5.104876756668090820e-01
5.299383401870727539e-01
4.803113341331481934e-01
5.942647457122802734e-01
4.689785540103912354e-01
5.540185570716857910e-01
6.343958377838134766e-01
5.861175656318664551e-01
5.346847176551818848e-01
4.714865982532501221e-01
4.700389206409454346e-01
5.121225714683532715e-01
5.003275275230407715e-01
5.542441606521606445e-01
5.503613352775573730e-01
4.960574209690093994e-01
5.812665820121765137e-01
6.325721740722656250e-01
5.267372131347656250e-01
5.058594942092895508e-01
4.727897047996520996e-01
4.955341815948486328e-01
5.967977046966552734e-01
4.858117103576660156e-01
5.559104681015014648e-01
4.853299856185913086e-01
4.815453588962554932e-01
5.347321033477783203e-01
5.641471147537231445e-01
6.510060429573059082e-01
5.740942358970642090e-01
5.246405601501464844e-01
5.166499614715576172e-01
5.301819443702697754e-01
6.681809425354003906e-01
5.664252042770385742e-01
5.538502931594848633e-01
5.062310695648193359e-01
5.020561218261718750e-01
6.237864494323730469e-01
4.909972846508026123e-01
4.930157959461212158e-01
4.994480311870574951e-01
4.838241040706634521e-01
4.753638803958892822e-01
5.233079791069030762e-01
5.388411879539489746e-01
5.675977468490600586e-01
5.582232475280761719e-01
4.822337329387664795e-01
4.897540807723999023e-01
4.527937769889831543e-01
5.156232118606567383e-01
5.019207000732421875e-01
5.711002945899963379e-01
5.095939040184020996e-01
5.099912881851196289e-01
4.953307807445526123e-01
4.889136254787445068e-01
5.050804018974304199e-01
4.390832781791687012e-01
5.263530611991882324e-01
4.944330453872680664e-01
4.802433550357818604e-01
5.369144678115844727e-01
5.465191602706909180e-01
4.881589710712432861e-01
5.819448232650756836e-01
4.899248480796813965e-01
4.971410334110260010e-01
5.190914869308471680e-01
5.457741618156433105e-01
5.853278040885925293e-01
4.531372487545013428e-01
5.370383858680725098e-01
4.178142845630645752e-01
4.772215783596038818e-01
6.152444481849670410e-01
5.489949584007263184e-01
5.741888880729675293e-01
5.611363053321838379e-01
6.114504337310791016e-01
4.793338477611541748e-01
5.079744458198547363e-01
5.397236943244934082e-01
6.681035757064819336e-01
5.118991136550903320e-01
6.404194831848144531e-01
6.176384091377258301e-01
4.929984807968139648e-01
5.257672667503356934e-01
5.574232935905456543e-01
5.089992880821228027e-01
5.549592375755310059e-01
4.840555191040039062e-01
4.711061418056488037e-01
4.861638844013214111e-01
4.918494224548339844e-01
5.225325226783752441e-01
5.752722620964050293e-01
5.339918732643127441e-01
5.027387738227844238e-01
5.089579820632934570e-01
4.115187525749206543e-01
5.658004879951477051e-01
5.739874243736267090e-01
4.576329886913299561e-01
5.205234289169311523e-01
5.881623625755310059e-01
5.245561599731445312e-01
5.615012645721435547e-01
4.780610501766204834e-01
4.958758354187011719e-01
4.621722996234893799e-01
5.509659051895141602e-01
4.739818572998046875e-01
4.652997553348541260e-01
4.610381424427032471e-01
5.148321390151977539e-01
5.228982567787170410e-01
4.476335644721984863e-01
4.583475291728973389e-01
4.838459789752960205e-01
5.954746603965759277e-01
4.896176755428314209e-01
6.008700728416442871e-01
5.520337224006652832e-01
6.318320631980895996e-01
5.182021856307983398e-01
5.380302071571350098e-01
5.085956454277038574e-01
4.699959754943847656e-01
6.141406893730163574e-01
4.724119603633880615e-01
4.505472183227539062e-01
4.970390498638153076e-01
5.157703161239624023e-01
4.732705354690551758e-01
4.710651934146881104e-01
4.660160243511199951e-01
5.168222188949584961e-01
4.819984138011932373e-01
4.177180528640747070e-01
4.675713777542114258e-01
4.512276351451873779e-01
4.759801328182220459e-01
4.563027322292327881e-01
4.958789646625518799e-01
4.835854768753051758e-01
4.451293051242828369e-01
4.717869460582733154e-01
4.531620442867279053e-01
4.577627480030059814e-01
5.257813334465026855e-01
4.903413355350494385e-01
5.288250446319580078e-01
5.126307606697082520e-01
4.734130799770355225e-01
4.976193606853485107e-01
4.224457740783691406e-01
4.701946377754211426e-01
4.358901679515838623e-01
4.013016819953918457e-01
4.708172976970672607e-01
5.295144915580749512e-01
4.215833842754364014e-01
5.986210703849792480e-01
4.632383286952972412e-01
4.832529425621032715e-01
4.862183034420013428e-01
5.031337738037109375e-01
4.600000381469726562e-01
4.198123514652252197e-01
4.355201721191406250e-01
5.284695625305175781e-01
4.366046190261840820e-01
4.568646848201751709e-01
4.431404471397399902e-01
4.205924272537231445e-01
5.913084149360656738e-01
4.694542884826660156e-01
4.185889959335327148e-01
4.557071328163146973e-01
4.277142286300659180e-01
4.269925057888031006e-01
4.274176359176635742e-01
4.570431411266326904e-01
4.242200851440429688e-01
4.042902290821075439e-01
4.254628121852874756e-01
4.070294201374053955e-01
4.034068286418914795e-01
4.320353269577026367e-01
4.311378300189971924e-01
4.153766632080078125e-01
4.056571424007415771e-01
4.532192945480346680e-01
4.177800714969635010e-01
3.741444051265716553e-01
4.322999715805053711e-01
4.278143346309661865e-01
4.096695184707641602e-01
4.592065811157226562e-01
3.649850487709045410e-01
4.482636451721191406e-01
4.431219995021820068e-01
4.739743173122406006e-01
4.190924465656280518e-01
4.053206145763397217e-01
4.124101996421813965e-01
4.151942133903503418e-01
3.941581249237060547e-01
4.225101470947265625e-01
3.991548120975494385e-01
4.282465875148773193e-01
5.231932401657104492e-01
5.660797953605651855e-01
4.791170656681060791e-01
4.221650362014770508e-01
4.653815329074859619e-01
4.478099048137664795e-01
4.112775027751922607e-01
4.486358761787414551e-01
3.905517458915710449e-01
3.981904685497283936e-01
4.116490185260772705e-01
4.163270294666290283e-01
4.149214327335357666e-01
4.932382106781005859e-01
4.323301017284393311e-01
4.038796722888946533e-01
4.151872694492340088e-01
4.775027930736541748e-01
4.739716053009033203e-01
4.687073528766632080e-01
4.928251206874847412e-01
4.459436535835266113e-01
4.033902585506439209e-01
4.136477112770080566e-01
4.032228887081146240e-01
3.990880846977233887e-01
4.574324488639831543e-01
4.114501178264617920e-01
3.991258144378662109e-01
4.221936464309692383e-01
3.970983326435089111e-01
4.178226590156555176e-01
3.955332338809967041e-01
4.189961552619934082e-01
4.123369753360748291e-01
3.923130631446838379e-01
4.049669802188873291e-01
3.858366310596466064e-01
4.095043540000915527e-01
4.505424201488494873e-01
3.812262415885925293e-01
3.502725660800933838e-01
4.037192165851593018e-01
4.012591242790222168e-01
3.830133676528930664e-01
4.071173965930938721e-01
3.893601000308990479e-01
4.024242758750915527e-01
3.852221965789794922e-01
4.020167291164398193e-01
3.955391645431518555e-01
4.278088510036468506e-01
3.991056978702545166e-01
3.728726804256439209e-01
5.039009451866149902e-01
4.449568390846252441e-01
4.002999961376190186e-01
4.387624263763427734e-01
4.301647543907165527e-01
4.053079485893249512e-01
4.330533444881439209e-01
4.072057008743286133e-01
4.440065622329711914e-01
3.768672943115234375e-01
3.891613483428955078e-01
4.334850013256072998e-01
2.766050100326538086e-01
4.392346739768981934e-01
4.558595418930053711e-01
4.283773601055145264e-01
3.340277671813964844e-01
4.238010048866271973e-01
4.241519570350646973e-01
3.791982829570770264e-01
3.851759433746337891e-01
3.773308694362640381e-01
4.211305975914001465e-01
4.796519279479980469e-01
4.092376828193664551e-01
