2.599717617034912109e+00
2.481752634048461914e+00
2.477311849594116211e+00
2.487042665481567383e+00
2.501796722412109375e+00
2.495759487152099609e+00
2.470822334289550781e+00
2.476352214813232422e+00
2.492315292358398438e+00
2.474127531051635742e+00
2.474006175994873047e+00
2.472053050994873047e+00
2.440444469451904297e+00
2.442135810852050781e+00
2.464385271072387695e+00
2.476141214370727539e+00
2.437708139419555664e+00
2.468614339828491211e+00
2.476210117340087891e+00
2.472360134124755859e+00
2.506612300872802734e+00
2.448914051055908203e+00
2.451445579528808594e+00
2.451881885528564453e+00
2.431145668029785156e+00
2.471596717834472656e+00
2.459102630615234375e+00
2.462081432342529297e+00
2.448605537414550781e+00
2.453741073608398438e+00
2.433988094329833984e+00
2.447707414627075195e+00
2.413127183914184570e+00
2.426314115524291992e+00
2.422338485717773438e+00
2.421322345733642578e+00
2.420583963394165039e+00
2.436366558074951172e+00
2.443147897720336914e+00
2.426606178283691406e+00
2.403757810592651367e+00
2.421037197113037109e+00
2.404950857162475586e+00
2.412970781326293945e+00
2.449355602264404297e+00
2.462073564529418945e+00
2.472342252731323242e+00
2.487869501113891602e+00
2.461823463439941406e+00
2.449533700942993164e+00
2.486574649810791016e+00
2.472383975982666016e+00
2.450191497802734375e+00
2.439429044723510742e+00
2.428652524948120117e+00
2.457268714904785156e+00
2.429660081863403320e+00
2.438807725906372070e+00
2.431485652923583984e+00
2.416216373443603516e+00
2.438303947448730469e+00
2.433905839920043945e+00
2.421416282653808594e+00
2.430150270462036133e+00
2.435352802276611328e+00
2.425460100173950195e+00
2.447205543518066406e+00
2.449943542480468750e+00
2.444816827774047852e+00
2.430247545242309570e+00
2.421413183212280273e+00
2.438879489898681641e+00
2.431510210037231445e+00
2.426034927368164062e+00
2.426031351089477539e+00
2.426701068878173828e+00
2.445761442184448242e+00
2.429090499877929688e+00
2.434818506240844727e+00
2.426293134689331055e+00
2.424082994461059570e+00
2.417735099792480469e+00
2.417163372039794922e+00
2.410731554031372070e+00
2.405655384063720703e+00
2.416709423065185547e+00
2.407274246215820312e+00
2.417018651962280273e+00
2.436252832412719727e+00
2.417342662811279297e+00
2.416950225830078125e+00
2.431883573532104492e+00
2.438161134719848633e+00
2.448130846023559570e+00
2.448815107345581055e+00
2.439218044281005859e+00
2.442744731903076172e+00
2.426795244216918945e+00
2.433081865310668945e+00
2.439821720123291016e+00
