4.375131130218505859e-01
4.671287536621093750e-01
4.662885963916778564e-01
4.627179205417633057e-01
4.490653276443481445e-01
4.436042904853820801e-01
4.583070874214172363e-01
4.494853913784027100e-01
4.633480310440063477e-01
4.448645114898681641e-01
4.595673084259033203e-01
4.545263648033142090e-01
4.660785496234893799e-01
4.620878100395202637e-01
4.589371979236602783e-01
4.410838186740875244e-01
4.770006239414215088e-01
4.499054849147796631e-01
4.545263648033142090e-01
4.599874019622802734e-01
4.244906604290008545e-01
4.625078737735748291e-01
4.749002456665039062e-01
4.570468366146087646e-01
4.805712997913360596e-01
4.417139291763305664e-01
4.820415973663330078e-01
4.452846050262451172e-01
4.734299480915069580e-01
4.650283455848693848e-01
4.612476229667663574e-01
4.496954381465911865e-01
4.751102626323699951e-01
4.696492254734039307e-01
4.658685028553009033e-01
4.715395867824554443e-01
4.877126514911651611e-01
4.662885963916778564e-01
4.627179205417633057e-01
4.732199013233184814e-01
4.816215038299560547e-01
4.648183286190032959e-01
4.856122732162475586e-01
4.698592722415924072e-01
4.650283455848693848e-01
4.809913933277130127e-01
4.778407812118530273e-01
4.509556889533996582e-01
4.667086601257324219e-01
4.704893827438354492e-01
4.398235678672790527e-01
4.499054849147796631e-01
4.648183286190032959e-01
4.387733638286590576e-01
4.547364115715026855e-01
4.471749663352966309e-01
4.494853913784027100e-01
4.604074656963348389e-01
4.799411892890930176e-01
4.862423837184906006e-01
4.629279673099517822e-01
4.679689109325408936e-01
4.690191149711608887e-01
4.538962543010711670e-01
4.757404029369354248e-01
4.440243542194366455e-01
4.679689109325408936e-01
4.717496335506439209e-01
4.721697270870208740e-01
4.568367898464202881e-01
4.803612828254699707e-01
4.757404029369354248e-01
4.704893827438354492e-01
4.484352171421051025e-01
4.679689109325408936e-01
4.381432533264160156e-01
4.629279673099517822e-01
4.646082818508148193e-01
4.492753744125366211e-01
4.637681245803833008e-01
4.698592722415924072e-01
4.690191149711608887e-01
4.633480310440063477e-01
4.599874019622802734e-01
4.620878100395202637e-01
4.601974487304687500e-01
4.587271511554718018e-01
4.622978270053863525e-01
4.788909852504730225e-01
4.622978270053863525e-01
4.776307642459869385e-01
4.486452341079711914e-01
4.616677165031433105e-01
4.776307642459869385e-01
4.526360034942626953e-01
4.566267728805541992e-01
4.526360034942626953e-01
4.616677165031433105e-01
4.824616611003875732e-01
4.664986431598663330e-01
