3.660995662212371826e-01
5.038857460021972656e-01
6.532241106033325195e-01
8.712455630302429199e-01
9.624028801918029785e-01
9.869775176048278809e-01
9.939088225364685059e-01
9.970594644546508789e-01
9.985297322273254395e-01
9.987397789955139160e-01
9.993698596954345703e-01
9.987397789955139160e-01
9.987397789955139160e-01
9.991598129272460938e-01
9.991598129272460938e-01
9.997899532318115234e-01
9.995799064636230469e-01
9.993698596954345703e-01
9.993698596954345703e-01
9.993698596954345703e-01
9.995799064636230469e-01
9.989498257637023926e-01
9.997899532318115234e-01
9.997899532318115234e-01
1.000000000000000000e+00
1.000000000000000000e+00
9.991598129272460938e-01
9.995799064636230469e-01
9.993698596954345703e-01
9.997899532318115234e-01
1.000000000000000000e+00
9.997899532318115234e-01
9.995799064636230469e-01
9.995799064636230469e-01
9.993698596954345703e-01
9.995799064636230469e-01
9.997899532318115234e-01
9.997899532318115234e-01
1.000000000000000000e+00
1.000000000000000000e+00
1.000000000000000000e+00
9.997899532318115234e-01
1.000000000000000000e+00
1.000000000000000000e+00
9.997899532318115234e-01
1.000000000000000000e+00
1.000000000000000000e+00
9.997899532318115234e-01
1.000000000000000000e+00
1.000000000000000000e+00
9.987397789955139160e-01
9.905481934547424316e-01
9.995799064636230469e-01
9.991598129272460938e-01
9.995799064636230469e-01
9.983196854591369629e-01
9.997899532318115234e-01
9.997899532318115234e-01
9.995799064636230469e-01
9.993698596954345703e-01
9.997899532318115234e-01
9.993698596954345703e-01
9.995799064636230469e-01
1.000000000000000000e+00
9.995799064636230469e-01
9.991598129272460938e-01
9.987397789955139160e-01
9.993698596954345703e-01
9.991598129272460938e-01
1.000000000000000000e+00
9.978995919227600098e-01
9.997899532318115234e-01
9.995799064636230469e-01
9.991598129272460938e-01
9.997899532318115234e-01
1.000000000000000000e+00
9.995799064636230469e-01
9.997899532318115234e-01
9.995799064636230469e-01
1.000000000000000000e+00
9.997899532318115234e-01
9.997899532318115234e-01
9.997899532318115234e-01
1.000000000000000000e+00
9.995799064636230469e-01
9.991598129272460938e-01
9.997899532318115234e-01
9.989498257637023926e-01
9.983196854591369629e-01
9.970594644546508789e-01
9.991598129272460938e-01
9.989498257637023926e-01
9.983196854591369629e-01
1.000000000000000000e+00
9.997899532318115234e-01
9.993698596954345703e-01
9.987397789955139160e-01
9.987397789955139160e-01
1.000000000000000000e+00
9.997899532318115234e-01
