5.440806150436401367e-01
5.247691273689270020e-01
4.298908412456512451e-01
5.558354258537292480e-01
4.508816003799438477e-01
5.432409644126892090e-01
4.962216615676879883e-01
4.886649847030639648e-01
5.415617227554321289e-01
5.079764723777770996e-01
3.778337538242340088e-01
4.290512204170227051e-01
4.886649847030639648e-01
4.710327386856079102e-01
4.534004926681518555e-01
3.845508098602294922e-01
5.155331492424011230e-01
4.315701127052307129e-01
3.727959692478179932e-01
3.912678360939025879e-01
4.374475181102752686e-01
4.139378666877746582e-01
4.114189743995666504e-01
4.433249235153198242e-01
4.567590355873107910e-01
5.188916921615600586e-01
4.542401432991027832e-01
4.466834664344787598e-01
4.416456818580627441e-01
3.870697021484375000e-01
3.887489438056945801e-01
4.500419795513153076e-01
4.853064715862274170e-01
3.912678360939025879e-01
4.307304918766021729e-01
4.055415689945220947e-01
5.004197955131530762e-01
3.778337538242340088e-01
4.475230872631072998e-01
4.659949541091918945e-01
4.592779278755187988e-01
4.811083078384399414e-01
4.223341643810272217e-01
3.870697021484375000e-01
4.676742255687713623e-01
3.635600209236145020e-01
3.333333432674407959e-01
4.063811898231506348e-01
4.172963798046112061e-01
3.769941329956054688e-01
4.777497947216033936e-01
4.567590355873107910e-01
4.198152720928192139e-01
4.038622975349426270e-01
4.408060312271118164e-01
4.659949541091918945e-01
4.391267895698547363e-01
5.046179890632629395e-01
5.054575800895690918e-01
5.054575800895690918e-01
4.324097335338592529e-01
4.391267895698547363e-01
4.089000821113586426e-01
4.374475181102752686e-01
4.164567589759826660e-01
4.685138463973999023e-01
4.492023587226867676e-01
4.038622975349426270e-01
4.089000821113586426e-01
4.483627080917358398e-01
4.164567589759826660e-01
4.147774875164031982e-01
4.433249235153198242e-01
4.433249235153198242e-01
4.206549227237701416e-01
4.021830260753631592e-01
4.492023587226867676e-01
4.374475181102752686e-01
4.651553332805633545e-01
4.265323281288146973e-01
4.089000821113586426e-01
5.138539075851440430e-01
4.794290363788604736e-01
3.879093229770660400e-01
4.811083078384399414e-01
4.357682764530181885e-01
3.602015078067779541e-01
4.030226767063140869e-01
3.585222363471984863e-01
4.114189743995666504e-01
4.105793535709381104e-01
4.492023587226867676e-01
4.651553332805633545e-01
4.416456818580627441e-01
4.408060312271118164e-01
4.869857132434844971e-01
4.282115995883941650e-01
4.626364409923553467e-01
4.181360304355621338e-01
3.450881540775299072e-01
