2.283133864402770996e-01
3.077084720134735107e-01
3.822726309299468994e-01
4.018063545227050781e-01
4.293215572834014893e-01
4.671287536621093750e-01
4.969544112682342529e-01
5.309808850288391113e-01
5.614366531372070312e-01
5.914723873138427734e-01
6.135265827178955078e-01
6.402016282081604004e-01
6.607855558395385742e-01
6.750682592391967773e-01
6.563746929168701172e-01
6.794791221618652344e-01
6.765385270118713379e-01
7.078344821929931641e-01
7.103549838066101074e-01
7.002730369567871094e-01
7.009031772613525391e-01
7.076244354248046875e-01
7.282083630561828613e-01
7.206469178199768066e-01
7.328292131423950195e-01
7.382902503013610840e-01
7.235874533653259277e-01
7.368199825286865234e-01
7.345095276832580566e-01
7.359798550605773926e-01
7.378702163696289062e-01
7.250577807426452637e-01
7.330392599105834961e-01
7.397605776786804199e-01
7.464818358421325684e-01
7.435413002967834473e-01
7.475320100784301758e-01
7.410207986831665039e-01
7.496324181556701660e-01
7.546733617782592773e-01
7.279983162879943848e-01
7.370300292968750000e-01
7.397605776786804199e-01
7.534131407737731934e-01
7.483721971511840820e-01
7.471119761466979980e-01
7.490023374557495117e-01
7.187565565109252930e-01
7.448015213012695312e-01
7.395505309104919434e-01
7.223272323608398438e-01
7.595043182373046875e-01
7.685360312461853027e-01
7.420709729194641113e-01
7.532030940055847168e-01
7.557235956192016602e-01
7.555135488510131836e-01
7.681159377098083496e-01
7.746272087097167969e-01
7.733669281005859375e-01
7.597143650054931641e-01
7.653854489326477051e-01
7.546733617782592773e-01
6.731778979301452637e-01
7.424910664558410645e-01
7.342995405197143555e-01
7.256878614425659180e-01
7.370300292968750000e-01
7.538332343101501465e-01
7.639151215553283691e-01
7.637050747871398926e-01
7.487922906875610352e-01
7.536231875419616699e-01
7.565637230873107910e-01
7.626549005508422852e-01
7.597143650054931641e-01
7.559336423873901367e-01
7.641251683235168457e-01
7.620247602462768555e-01
7.521529197692871094e-01
7.494223713874816895e-01
7.244276404380798340e-01
7.540432810783386230e-01
7.687460780143737793e-01
7.437512874603271484e-01
7.490023374557495117e-01
7.263180017471313477e-01
7.466918826103210449e-01
7.395505309104919434e-01
7.666456699371337891e-01
7.597143650054931641e-01
7.471119761466979980e-01
7.548834085464477539e-01
7.492123246192932129e-01
7.517328262329101562e-01
7.616047263145446777e-01
7.435413002967834473e-01
7.355597615242004395e-01
7.548834085464477539e-01
7.473219633102416992e-01
7.571938633918762207e-01
7.532030940055847168e-01
7.622348070144653320e-01
7.626549005508422852e-01
7.557235956192016602e-01
7.567737698554992676e-01
7.403906583786010742e-01
7.616047263145446777e-01
7.634950876235961914e-01
7.628649473190307617e-01
7.553035020828247070e-01
7.679058909416198730e-01
7.485822439193725586e-01
7.553035020828247070e-01
7.626549005508422852e-01
7.618147730827331543e-01
7.574039101600646973e-01
7.387103438377380371e-01
7.534131407737731934e-01
7.632850408554077148e-01
7.508926987648010254e-01
7.424910664558410645e-01
7.607645392417907715e-01
7.565637230873107910e-01
7.618147730827331543e-01
7.645452618598937988e-01
7.729468345642089844e-01
7.609745860099792480e-01
7.529930472373962402e-01
7.521529197692871094e-01
7.590842247009277344e-01
7.557235956192016602e-01
7.679058909416198730e-01
7.609745860099792480e-01
7.704263925552368164e-01
7.517328262329101562e-01
7.525730133056640625e-01
7.372400760650634766e-01
7.494223713874816895e-01
7.689561247825622559e-01
7.691661119461059570e-01
7.723167538642883301e-01
7.744171619415283203e-01
7.632850408554077148e-01
7.721067070960998535e-01
7.595043182373046875e-01
7.634950876235961914e-01
7.546733617782592773e-01
7.649653553962707520e-01
7.773576974868774414e-01
7.639151215553283691e-01
7.555135488510131836e-01
7.555135488510131836e-01
7.580340504646301270e-01
7.416509389877319336e-01
7.666456699371337891e-01
7.641251683235168457e-01
7.397605776786804199e-01
7.378702163696289062e-01
7.601343989372253418e-01
7.601343989372253418e-01
7.578240036964416504e-01
7.553035020828247070e-01
7.517328262329101562e-01
7.590842247009277344e-01
7.712665200233459473e-01
7.693761587142944336e-01
7.744171619415283203e-01
7.683259844779968262e-01
7.704263925552368164e-01
7.790380120277404785e-01
7.658054828643798828e-01
7.689561247825622559e-01
7.639151215553283691e-01
7.637050747871398926e-01
7.756773829460144043e-01
7.805082798004150391e-01
7.592942714691162109e-01
7.647553086280822754e-01
7.506826519966125488e-01
7.567737698554992676e-01
7.754673361778259277e-01
7.712665200233459473e-01
7.613946795463562012e-01
7.727368474006652832e-01
7.733669281005859375e-01
7.742071151733398438e-01
7.676958441734313965e-01
7.664356231689453125e-01
7.708464860916137695e-01
7.523629665374755859e-01
7.536231875419616699e-01
7.494223713874816895e-01
7.590842247009277344e-01
7.548834085464477539e-01
7.590842247009277344e-01
7.708464860916137695e-01
7.706364393234252930e-01
7.727368474006652832e-01
7.710564732551574707e-01
7.765175104141235352e-01
7.647553086280822754e-01
7.691661119461059570e-01
7.815585136413574219e-01
7.731568813323974609e-01
7.742071151733398438e-01
7.735769748687744141e-01
7.599244117736816406e-01
7.821885943412780762e-01
7.765175104141235352e-01
7.691661119461059570e-01
7.731568813323974609e-01
7.813484668731689453e-01
7.687460780143737793e-01
7.613946795463562012e-01
7.744171619415283203e-01
7.733669281005859375e-01
7.817685604095458984e-01
7.802982330322265625e-01
7.559336423873901367e-01
7.847090959548950195e-01
7.798781991004943848e-01
7.668557167053222656e-01
7.840789556503295898e-01
7.790380120277404785e-01
7.693761587142944336e-01
7.746272087097167969e-01
7.649653553962707520e-01
7.756773829460144043e-01
7.639151215553283691e-01
7.529930472373962402e-01
7.565637230873107910e-01
7.559336423873901367e-01
7.710564732551574707e-01
7.546733617782592773e-01
7.565637230873107910e-01
7.477420568466186523e-01
7.511026859283447266e-01
7.590842247009277344e-01
7.786179184913635254e-01
7.870195508003234863e-01
7.792480587959289551e-01
7.544633746147155762e-01
7.733669281005859375e-01
7.666456699371337891e-01
7.666456699371337891e-01
7.286284565925598145e-01
7.670657634735107422e-01
7.687460780143737793e-01
7.739970684051513672e-01
7.723167538642883301e-01
7.668557167053222656e-01
7.731568813323974609e-01
7.815585136413574219e-01
7.647553086280822754e-01
7.765175104141235352e-01
7.863894104957580566e-01
7.691661119461059570e-01
7.670657634735107422e-01
7.721067070960998535e-01
7.679058909416198730e-01
7.687460780143737793e-01
7.794581055641174316e-01
7.666456699371337891e-01
7.702163457870483398e-01
7.798781991004943848e-01
7.622348070144653320e-01
7.584540843963623047e-01
7.702163457870483398e-01
7.529930472373962402e-01
7.767275571823120117e-01
7.756773829460144043e-01
7.823986411094665527e-01
7.836589217185974121e-01
7.809283733367919922e-01
7.821885943412780762e-01
7.916404008865356445e-01
7.817685604095458984e-01
7.796681523323059082e-01
7.647553086280822754e-01
7.668557167053222656e-01
7.727368474006652832e-01
7.750472426414489746e-01
7.718966603279113770e-01
7.382902503013610840e-01
7.607645392417907715e-01
7.288385033607482910e-01
7.605544924736022949e-01
7.544633746147155762e-01
7.693761587142944336e-01
7.588741779327392578e-01
7.708464860916137695e-01
7.620247602462768555e-01
7.679058909416198730e-01
7.534131407737731934e-01
7.540432810783386230e-01
7.697962522506713867e-01
7.672758102416992188e-01
7.727368474006652832e-01
7.838689088821411133e-01
7.662255764007568359e-01
7.496324181556701660e-01
7.668557167053222656e-01
7.737870216369628906e-01
7.792480587959289551e-01
7.616047263145446777e-01
7.882797718048095703e-01
7.681159377098083496e-01
7.788279652595520020e-01
7.905902266502380371e-01
7.729468345642089844e-01
7.718966603279113770e-01
7.811384201049804688e-01
7.823986411094665527e-01
7.708464860916137695e-01
7.504726052284240723e-01
7.733669281005859375e-01
7.634950876235961914e-01
7.532030940055847168e-01
7.742071151733398438e-01
7.731568813323974609e-01
7.805082798004150391e-01
7.784078717231750488e-01
7.735769748687744141e-01
7.742071151733398438e-01
7.840789556503295898e-01
7.691661119461059570e-01
7.790380120277404785e-01
7.908002734184265137e-01
7.687460780143737793e-01
7.746272087097167969e-01
7.540432810783386230e-01
7.235874533653259277e-01
7.389203906059265137e-01
7.385002970695495605e-01
7.618147730827331543e-01
7.643352150917053223e-01
7.651754021644592285e-01
7.807183265686035156e-01
7.603444457054138184e-01
7.727368474006652832e-01
7.758874297142028809e-01
7.752572894096374512e-01
7.735769748687744141e-01
7.794581055641174316e-01
7.773576974868774414e-01
7.712665200233459473e-01
7.632850408554077148e-01
7.800882458686828613e-01
7.897500395774841309e-01
7.880697250366210938e-01
7.817685604095458984e-01
7.874395847320556641e-01
7.851291894912719727e-01
7.851291894912719727e-01
7.861793637275695801e-01
7.868095040321350098e-01
7.830287814140319824e-01
7.912203073501586914e-01
7.744171619415283203e-01
7.779878377914428711e-01
7.842890024185180664e-01
7.744171619415283203e-01
7.792480587959289551e-01
7.815585136413574219e-01
7.765175104141235352e-01
7.834488749504089355e-01
7.773576974868774414e-01
7.834488749504089355e-01
7.872295975685119629e-01
7.794581055641174316e-01
7.908002734184265137e-01
7.752572894096374512e-01
7.441713809967041016e-01
7.452216148376464844e-01
7.445914745330810547e-01
7.464818358421325684e-01
7.448015213012695312e-01
7.542533278465270996e-01
7.863894104957580566e-01
7.775677442550659180e-01
7.777777910232543945e-01
7.857592701911926270e-01
7.792480587959289551e-01
7.880697250366210938e-01
7.830287814140319824e-01
7.723167538642883301e-01
7.870195508003234863e-01
7.807183265686035156e-01
7.861793637275695801e-01
7.893299460411071777e-01
7.901701331138610840e-01
7.830287814140319824e-01
7.886998653411865234e-01
7.893299460411071777e-01
7.849191427230834961e-01
7.790380120277404785e-01
7.863894104957580566e-01
7.811384201049804688e-01
7.744171619415283203e-01
7.971014380455017090e-01
7.844990491867065430e-01
7.876496315002441406e-01
7.800882458686828613e-01
7.893299460411071777e-01
7.693761587142944336e-01
7.763075232505798340e-01
7.786179184913635254e-01
7.849191427230834961e-01
7.805082798004150391e-01
7.769376039505004883e-01
7.773576974868774414e-01
7.733669281005859375e-01
7.504726052284240723e-01
7.786179184913635254e-01
7.842890024185180664e-01
7.752572894096374512e-01
7.742071151733398438e-01
7.893299460411071777e-01
7.798781991004943848e-01
7.891199588775634766e-01
7.475320100784301758e-01
7.212770581245422363e-01
7.376601696014404297e-01
7.779878377914428711e-01
7.706364393234252930e-01
7.536231875419616699e-01
7.645452618598937988e-01
7.452216148376464844e-01
7.662255764007568359e-01
7.779878377914428711e-01
7.624448537826538086e-01
7.836589217185974121e-01
7.784078717231750488e-01
7.878596782684326172e-01
7.758874297142028809e-01
7.790380120277404785e-01
7.710564732551574707e-01
7.769376039505004883e-01
7.542533278465270996e-01
7.639151215553283691e-01
7.574039101600646973e-01
7.651754021644592285e-01
7.613946795463562012e-01
7.874395847320556641e-01
7.832388281822204590e-01
7.880697250366210938e-01
7.796681523323059082e-01
7.760974764823913574e-01
7.775677442550659180e-01
7.889099121093750000e-01
7.773576974868774414e-01
7.742071151733398438e-01
7.765175104141235352e-01
7.546733617782592773e-01
7.872295975685119629e-01
7.870195508003234863e-01
7.926906347274780273e-01
7.870195508003234863e-01
7.939508557319641113e-01
7.941609025001525879e-01
7.828187346458435059e-01
7.903801798820495605e-01
7.681159377098083496e-01
7.781978845596313477e-01
7.790380120277404785e-01
7.865994572639465332e-01
7.735769748687744141e-01
7.922705411911010742e-01
7.895399928092956543e-01
7.910103201866149902e-01
7.754673361778259277e-01
7.754673361778259277e-01
7.727368474006652832e-01
7.784078717231750488e-01
7.788279652595520020e-01
7.267380952835083008e-01
7.393404841423034668e-01
7.288385033607482910e-01
7.439613342285156250e-01
7.427011132240295410e-01
7.511026859283447266e-01
7.427011132240295410e-01
7.704263925552368164e-01
7.653854489326477051e-01
7.872295975685119629e-01
7.857592701911926270e-01
7.826086878776550293e-01
7.433312535285949707e-01
7.813484668731689453e-01
7.817685604095458984e-01
7.844990491867065430e-01
7.815585136413574219e-01
7.769376039505004883e-01
7.874395847320556641e-01
7.807183265686035156e-01
7.758874297142028809e-01
7.771476507186889648e-01
7.920604944229125977e-01
7.857592701911926270e-01
