2.951060831546783447e-01
3.877336680889129639e-01
3.703003525733947754e-01
3.696702420711517334e-01
3.919344544410705566e-01
4.095778167247772217e-01
4.102079272270202637e-01
4.043268263339996338e-01
4.060071408748626709e-01
4.133585393428802490e-01
4.144087433815002441e-01
4.110480844974517822e-01
4.030665755271911621e-01
4.068472981452941895e-01
4.072673916816711426e-01
4.070573449134826660e-01
3.915143907070159912e-01
4.146187901496887207e-01
4.125183820724487305e-01
3.822726309299468994e-01
3.990758359432220459e-01
4.034866690635681152e-01
4.133585393428802490e-01
4.045368731021881104e-01
3.976055383682250977e-01
4.066372513771057129e-01
4.087376594543457031e-01
4.026465117931365967e-01
4.068472981452941895e-01
4.135685861110687256e-01
4.162991046905517578e-01
4.253308176994323730e-01
4.116782248020172119e-01
4.234404563903808594e-01
4.154589474201202393e-01
4.123083353042602539e-01
4.165091514587402344e-01
4.011762142181396484e-01
3.990758359432220459e-01
3.994958996772766113e-01
4.139886498451232910e-01
4.175593256950378418e-01
4.238605201244354248e-01
4.255408644676208496e-01
4.265910387039184570e-01
4.293215572834014893e-01
4.356227815151214600e-01
4.385633170604705811e-01
4.343625307083129883e-01
4.289014935493469238e-01
4.207099378108978271e-01
4.207099378108978271e-01
4.194496870040893555e-01
4.068472981452941895e-01
4.150388538837432861e-01
4.175593256950378418e-01
4.213400483131408691e-01
4.352026879787445068e-01
4.238605201244354248e-01
4.217601418495178223e-01
4.299516975879669189e-01
4.356227815151214600e-01
4.177693724632263184e-01
4.114681780338287354e-01
4.223902523517608643e-01
3.910942971706390381e-01
3.971854746341705322e-01
4.009661972522735596e-01
4.196597337722778320e-01
4.181894659996032715e-01
4.131484925746917725e-01
4.261709749698638916e-01
4.232304096221923828e-01
4.282713830471038818e-01
4.076874554157257080e-01
3.963453173637390137e-01
4.011762142181396484e-01
4.057970941066741943e-01
4.118882715702056885e-01
3.789120018482208252e-01
3.719806671142578125e-01
3.770216405391693115e-01
3.791220188140869141e-01
3.997059464454650879e-01
4.041167795658111572e-01
3.808023631572723389e-01
3.824826776981353760e-01
3.829027414321899414e-01
3.915143907070159912e-01
3.759714365005493164e-01
3.845830559730529785e-01
3.885738253593444824e-01
3.850031495094299316e-01
4.005461037158966064e-01
3.917244374752044678e-01
4.158790111541748047e-01
4.104179739952087402e-01
3.961352705955505371e-01
3.738710284233093262e-01
4.116782248020172119e-01
