3.257766664028167725e-01
3.677581846714019775e-01
3.795130252838134766e-01
4.223341643810272217e-01
4.340890049934387207e-01
4.685138463973999023e-01
5.172124505043029785e-01
5.390428304672241211e-01
5.701091289520263672e-01
5.835432410240173340e-01
5.785054564476013184e-01
6.255247592926025391e-01
6.775818467140197754e-01
7.162048816680908203e-01
6.926952004432678223e-01
6.901763081550598145e-01
7.296389341354370117e-01
7.506297230720520020e-01
7.212426662445068359e-01
6.918556094169616699e-01
6.994122862815856934e-01
7.271200418472290039e-01
7.220822572708129883e-01
7.497900724411010742e-01
7.581863999366760254e-01
7.304785847663879395e-01
7.204030156135559082e-01
7.363560199737548828e-01
7.254408001899719238e-01
7.388749122619628906e-01
7.321578264236450195e-01
7.329974770545959473e-01
7.329974770545959473e-01
7.153652310371398926e-01
7.774978876113891602e-01
7.489504814147949219e-01
7.573467493057250977e-01
7.539882659912109375e-01
7.439126968383789062e-01
7.615449428558349609e-01
7.338371276855468750e-01
7.506297230720520020e-01
7.204030156135559082e-01
7.346767187118530273e-01
6.943745017051696777e-01
7.069689631462097168e-01
7.657430768013000488e-01
6.868178248405456543e-01
7.447522878646850586e-01
7.220822572708129883e-01
7.178841233253479004e-01
7.204030156135559082e-01
7.598656415939331055e-01
7.111670970916748047e-01
7.649034261703491211e-01
7.623845338821411133e-01
7.413938045501708984e-01
7.481108307838439941e-01
7.800167798995971680e-01
7.623845338821411133e-01
7.531486153602600098e-01
7.455919384956359863e-01
7.640638351440429688e-01
6.817800402641296387e-01
6.960537433624267578e-01
7.220822572708129883e-01
7.044500708580017090e-01
7.514693737030029297e-01
7.397145032882690430e-01
7.565071582794189453e-01
7.170444726943969727e-01
7.212426662445068359e-01
7.204030156135559082e-01
7.254408001899719238e-01
7.816960811614990234e-01
7.229219079017639160e-01
7.649034261703491211e-01
7.439126968383789062e-01
7.246011495590209961e-01
7.447522878646850586e-01
7.539882659912109375e-01
7.010915279388427734e-01
7.758186459541320801e-01
7.338371276855468750e-01
7.430730462074279785e-01
7.556675076484680176e-01
6.977329850196838379e-01
7.170444726943969727e-01
7.430730462074279785e-01
7.783375382423400879e-01
7.506297230720520020e-01
7.287993431091308594e-01
7.355163693428039551e-01
7.791771888732910156e-01
7.439126968383789062e-01
7.833753228187561035e-01
7.657430768013000488e-01
7.607052922248840332e-01
7.766582965850830078e-01
7.321578264236450195e-01
7.741394042968750000e-01
7.363560199737548828e-01
7.397145032882690430e-01
7.657430768013000488e-01
7.405541539192199707e-01
7.170444726943969727e-01
7.615449428558349609e-01
7.397145032882690430e-01
7.548278570175170898e-01
7.917715907096862793e-01
7.464315891265869141e-01
7.833753228187561035e-01
7.304785847663879395e-01
7.959697842597961426e-01
7.808564305305480957e-01
7.590260505676269531e-01
7.363560199737548828e-01
7.665827274322509766e-01
7.590260505676269531e-01
7.649034261703491211e-01
7.313182353973388672e-01
7.388749122619628906e-01
7.405541539192199707e-01
7.657430768013000488e-01
7.581863999366760254e-01
7.531486153602600098e-01
7.523089647293090820e-01
7.397145032882690430e-01
7.405541539192199707e-01
7.607052922248840332e-01
7.565071582794189453e-01
7.657430768013000488e-01
7.674223184585571289e-01
7.413938045501708984e-01
7.808564305305480957e-01
7.741394042968750000e-01
7.170444726943969727e-01
7.590260505676269531e-01
7.556675076484680176e-01
7.968093752861022949e-01
7.691016197204589844e-01
7.430730462074279785e-01
7.732997536659240723e-01
7.565071582794189453e-01
7.262804508209228516e-01
7.724601030349731445e-01
7.590260505676269531e-01
7.464315891265869141e-01
7.439126968383789062e-01
7.573467493057250977e-01
7.271200418472290039e-01
7.623845338821411133e-01
7.539882659912109375e-01
7.447522878646850586e-01
7.699412107467651367e-01
7.439126968383789062e-01
7.556675076484680176e-01
7.413938045501708984e-01
7.615449428558349609e-01
7.447522878646850586e-01
7.640638351440429688e-01
7.615449428558349609e-01
7.388749122619628906e-01
7.649034261703491211e-01
7.304785847663879395e-01
8.018471598625183105e-01
7.615449428558349609e-01
7.640638351440429688e-01
7.707808613777160645e-01
8.102434873580932617e-01
7.539882659912109375e-01
7.783375382423400879e-01
7.842149734497070312e-01
7.539882659912109375e-01
7.313182353973388672e-01
7.917715907096862793e-01
7.514693737030029297e-01
7.145255804061889648e-01
8.245171904563903809e-01
7.674223184585571289e-01
7.716205120086669922e-01
7.640638351440429688e-01
7.766582965850830078e-01
7.917715907096862793e-01
7.774978876113891602e-01
7.783375382423400879e-01
7.783375382423400879e-01
7.439126968383789062e-01
7.800167798995971680e-01
7.187237739562988281e-01
7.514693737030029297e-01
7.791771888732910156e-01
7.867338657379150391e-01
7.539882659912109375e-01
7.615449428558349609e-01
7.590260505676269531e-01
7.842149734497070312e-01
7.800167798995971680e-01
7.732997536659240723e-01
7.539882659912109375e-01
7.523089647293090820e-01
7.749789953231811523e-01
7.741394042968750000e-01
7.665827274322509766e-01
7.707808613777160645e-01
8.102434873580932617e-01
7.808564305305480957e-01
7.581863999366760254e-01
7.917715907096862793e-01
7.464315891265869141e-01
8.010075688362121582e-01
7.724601030349731445e-01
7.439126968383789062e-01
7.506297230720520020e-01
7.556675076484680176e-01
7.892527580261230469e-01
7.816960811614990234e-01
7.951301336288452148e-01
7.749789953231811523e-01
7.632241845130920410e-01
7.573467493057250977e-01
7.909319996833801270e-01
7.472711801528930664e-01
7.506297230720520020e-01
7.791771888732910156e-01
7.816960811614990234e-01
7.917715907096862793e-01
7.858942151069641113e-01
7.229219079017639160e-01
7.808564305305480957e-01
7.237615585327148438e-01
7.892527580261230469e-01
7.623845338821411133e-01
7.623845338821411133e-01
7.380352616310119629e-01
7.086482048034667969e-01
7.397145032882690430e-01
7.674223184585571289e-01
7.607052922248840332e-01
7.640638351440429688e-01
7.447522878646850586e-01
7.632241845130920410e-01
7.531486153602600098e-01
7.842149734497070312e-01
7.699412107467651367e-01
7.162048816680908203e-01
7.464315891265869141e-01
7.900923490524291992e-01
7.758186459541320801e-01
7.993282675743103027e-01
8.035264611244201660e-01
7.632241845130920410e-01
7.607052922248840332e-01
7.556675076484680176e-01
7.573467493057250977e-01
7.875734567642211914e-01
7.909319996833801270e-01
7.909319996833801270e-01
7.657430768013000488e-01
7.758186459541320801e-01
7.279596924781799316e-01
7.783375382423400879e-01
7.791771888732910156e-01
7.573467493057250977e-01
7.774978876113891602e-01
7.707808613777160645e-01
8.194794058799743652e-01
7.590260505676269531e-01
7.665827274322509766e-01
7.732997536659240723e-01
7.556675076484680176e-01
7.565071582794189453e-01
7.758186459541320801e-01
7.413938045501708984e-01
7.816960811614990234e-01
7.699412107467651367e-01
7.623845338821411133e-01
7.682619690895080566e-01
7.246011495590209961e-01
7.934508919715881348e-01
7.497900724411010742e-01
8.152812719345092773e-01
7.623845338821411133e-01
7.497900724411010742e-01
7.237615585327148438e-01
7.246011495590209961e-01
7.439126968383789062e-01
7.430730462074279785e-01
7.766582965850830078e-01
7.783375382423400879e-01
7.632241845130920410e-01
7.279596924781799316e-01
7.732997536659240723e-01
7.346767187118530273e-01
7.355163693428039551e-01
7.615449428558349609e-01
7.640638351440429688e-01
7.548278570175170898e-01
7.825356721878051758e-01
7.707808613777160645e-01
7.791771888732910156e-01
7.791771888732910156e-01
7.833753228187561035e-01
7.783375382423400879e-01
7.917715907096862793e-01
7.514693737030029297e-01
7.842149734497070312e-01
7.791771888732910156e-01
7.774978876113891602e-01
8.194794058799743652e-01
7.598656415939331055e-01
7.623845338821411133e-01
8.043660521507263184e-01
7.699412107467651367e-01
7.405541539192199707e-01
7.565071582794189453e-01
7.531486153602600098e-01
7.875734567642211914e-01
7.380352616310119629e-01
7.800167798995971680e-01
7.640638351440429688e-01
7.976490259170532227e-01
7.808564305305480957e-01
7.741394042968750000e-01
7.724601030349731445e-01
7.875734567642211914e-01
7.875734567642211914e-01
8.043660521507263184e-01
7.900923490524291992e-01
7.472711801528930664e-01
7.833753228187561035e-01
6.859781742095947266e-01
7.388749122619628906e-01
7.178841233253479004e-01
7.464315891265869141e-01
7.565071582794189453e-01
7.422333955764770508e-01
7.842149734497070312e-01
7.380352616310119629e-01
7.766582965850830078e-01
7.884131073951721191e-01
7.623845338821411133e-01
7.581863999366760254e-01
7.976490259170532227e-01
7.783375382423400879e-01
7.942904829978942871e-01
7.573467493057250977e-01
7.732997536659240723e-01
8.001679182052612305e-01
7.900923490524291992e-01
7.951301336288452148e-01
7.984886765480041504e-01
7.993282675743103027e-01
7.833753228187561035e-01
7.707808613777160645e-01
8.094038367271423340e-01
7.707808613777160645e-01
7.926112413406372070e-01
7.984886765480041504e-01
7.590260505676269531e-01
7.808564305305480957e-01
7.615449428558349609e-01
7.615449428558349609e-01
7.632241845130920410e-01
7.649034261703491211e-01
7.968093752861022949e-01
7.884131073951721191e-01
7.833753228187561035e-01
8.085642457008361816e-01
7.959697842597961426e-01
7.657430768013000488e-01
8.001679182052612305e-01
7.061293125152587891e-01
7.875734567642211914e-01
7.472711801528930664e-01
7.691016197204589844e-01
7.590260505676269531e-01
7.439126968383789062e-01
7.892527580261230469e-01
7.968093752861022949e-01
7.481108307838439941e-01
8.018471598625183105e-01
7.825356721878051758e-01
7.892527580261230469e-01
8.043660521507263184e-01
7.497900724411010742e-01
7.665827274322509766e-01
8.043660521507263184e-01
7.691016197204589844e-01
7.867338657379150391e-01
8.001679182052612305e-01
7.934508919715881348e-01
7.682619690895080566e-01
7.858942151069641113e-01
8.077245950698852539e-01
7.791771888732910156e-01
8.043660521507263184e-01
8.018471598625183105e-01
7.917715907096862793e-01
7.774978876113891602e-01
8.010075688362121582e-01
8.043660521507263184e-01
7.682619690895080566e-01
7.766582965850830078e-01
8.127623796463012695e-01
7.674223184585571289e-01
7.506297230720520020e-01
7.959697842597961426e-01
7.682619690895080566e-01
8.018471598625183105e-01
7.816960811614990234e-01
7.766582965850830078e-01
7.531486153602600098e-01
7.707808613777160645e-01
7.867338657379150391e-01
7.850545644760131836e-01
7.447522878646850586e-01
7.993282675743103027e-01
7.800167798995971680e-01
7.825356721878051758e-01
7.959697842597961426e-01
6.884970664978027344e-01
6.792611479759216309e-01
7.506297230720520020e-01
7.934508919715881348e-01
7.649034261703491211e-01
7.204030156135559082e-01
7.791771888732910156e-01
7.506297230720520020e-01
7.800167798995971680e-01
8.068849444389343262e-01
7.984886765480041504e-01
7.875734567642211914e-01
7.758186459541320801e-01
7.539882659912109375e-01
7.909319996833801270e-01
8.001679182052612305e-01
7.850545644760131836e-01
7.388749122619628906e-01
7.539882659912109375e-01
7.246011495590209961e-01
7.380352616310119629e-01
7.682619690895080566e-01
7.556675076484680176e-01
7.842149734497070312e-01
7.842149734497070312e-01
8.043660521507263184e-01
7.523089647293090820e-01
8.018471598625183105e-01
7.791771888732910156e-01
7.774978876113891602e-01
7.917715907096862793e-01
7.514693737030029297e-01
7.691016197204589844e-01
7.598656415939331055e-01
7.884131073951721191e-01
7.934508919715881348e-01
7.867338657379150391e-01
7.850545644760131836e-01
7.867338657379150391e-01
7.556675076484680176e-01
7.816960811614990234e-01
8.026868104934692383e-01
7.598656415939331055e-01
7.674223184585571289e-01
7.691016197204589844e-01
7.833753228187561035e-01
7.741394042968750000e-01
7.842149734497070312e-01
7.900923490524291992e-01
7.816960811614990234e-01
7.531486153602600098e-01
7.657430768013000488e-01
7.732997536659240723e-01
7.825356721878051758e-01
7.044500708580017090e-01
7.027707695960998535e-01
7.481108307838439941e-01
7.120066881179809570e-01
7.346767187118530273e-01
7.598656415939331055e-01
7.565071582794189453e-01
7.598656415939331055e-01
7.556675076484680176e-01
7.850545644760131836e-01
7.850545644760131836e-01
7.682619690895080566e-01
8.438287377357482910e-01
7.665827274322509766e-01
7.598656415939331055e-01
7.615449428558349609e-01
8.312342762947082520e-01
7.716205120086669922e-01
7.858942151069641113e-01
7.825356721878051758e-01
8.026868104934692383e-01
7.951301336288452148e-01
7.774978876113891602e-01
7.665827274322509766e-01
7.791771888732910156e-01
