1.035992145538330078e+00
1.019899010658264160e+00
1.047769308090209961e+00
1.011531591415405273e+00
1.040544986724853516e+00
1.040583968162536621e+00
1.004327297210693359e+00
1.052793622016906738e+00
1.038197517395019531e+00
1.011978030204772949e+00
1.073688983917236328e+00
1.058769941329956055e+00
1.047182798385620117e+00
1.041850686073303223e+00
1.014717698097229004e+00
1.062955141067504883e+00
1.044310688972473145e+00
1.064901232719421387e+00
1.090990424156188965e+00
1.062412023544311523e+00
1.061359405517578125e+00
1.056442975997924805e+00
1.051706433296203613e+00
1.043392062187194824e+00
1.006596565246582031e+00
1.016710162162780762e+00
1.034909367561340332e+00
1.035399556159973145e+00
1.061432123184204102e+00
1.059489369392395020e+00
1.057103157043457031e+00
1.056278109550476074e+00
1.027103304862976074e+00
1.052997827529907227e+00
1.041947960853576660e+00
1.050566315650939941e+00
1.024079680442810059e+00
1.071552515029907227e+00
1.037092804908752441e+00
1.049903392791748047e+00
1.020368099212646484e+00
1.023313522338867188e+00
1.022320508956909180e+00
1.033161640167236328e+00
1.026047348976135254e+00
1.055958271026611328e+00
1.082774162292480469e+00
1.059970259666442871e+00
1.065297603607177734e+00
1.068504214286804199e+00
9.968859553337097168e-01
1.048432350158691406e+00
1.052600860595703125e+00
1.039087891578674316e+00
1.037964701652526855e+00
1.045530557632446289e+00
1.036992311477661133e+00
1.035219430923461914e+00
1.031422853469848633e+00
1.038085579872131348e+00
1.069367408752441406e+00
1.049668312072753906e+00
1.051853179931640625e+00
1.067917704582214355e+00
1.079228758811950684e+00
1.054848194122314453e+00
1.053416013717651367e+00
1.064899325370788574e+00
1.072705984115600586e+00
1.057316303253173828e+00
1.045507550239562988e+00
1.067484021186828613e+00
1.042852640151977539e+00
1.045435428619384766e+00
1.057875156402587891e+00
1.066401243209838867e+00
1.045984745025634766e+00
1.060377717018127441e+00
1.058705925941467285e+00
1.056217670440673828e+00
1.068682193756103516e+00
1.059410572052001953e+00
1.040350675582885742e+00
1.057429313659667969e+00
1.046434283256530762e+00
1.061788678169250488e+00
1.066404223442077637e+00
1.072566390037536621e+00
1.069892525672912598e+00
1.051360368728637695e+00
1.059158444404602051e+00
1.051934480667114258e+00
1.069185495376586914e+00
1.036391496658325195e+00
1.060815930366516113e+00
1.056100845336914062e+00
1.065536022186279297e+00
1.065632462501525879e+00
1.074509263038635254e+00
1.068968653678894043e+00
