1.073273777961730957e+00
7.840229272842407227e-01
3.777924180030822754e-01
1.373747289180755615e-01
5.387875810265541077e-02
1.537295896559953690e-02
7.013378664851188660e-03
2.568948781117796898e-03
1.937807770445942879e-03
9.976606816053390503e-04
7.596082868985831738e-04
2.331694355234503746e-03
7.441167254000902176e-04
1.647347235120832920e-04
2.481570991221815348e-04
1.694456004770472646e-04
1.407715608365833759e-04
7.068013655953109264e-04
7.306614133995026350e-05
6.437682895921170712e-05
3.450372241786681116e-05
6.470160587923601270e-05
2.404713450232520700e-05
1.956283813342452049e-05
1.270224493055138737e-05
7.321057182707590982e-06
5.679660716850776225e-06
3.769394970731809735e-05
8.719935976841952652e-06
6.264228886720957235e-06
1.315700387749529909e-06
5.084794793219771236e-06
1.304688794334651902e-06
2.396370746282627806e-06
1.402774273628892843e-06
7.555876777587400284e-07
9.611959512767498381e-07
3.714663307619048283e-06
8.684925205670879222e-07
3.191921393863594858e-07
3.782460282764077419e-07
2.996017428813502192e-06
2.536321801471785875e-07
2.158977423505348270e-07
1.645507126113443519e-07
1.707229444036784116e-06
1.534404674430334126e-07
3.963615711199963698e-07
2.495278295100433752e-07
1.095003128170901618e-07
3.301776887383311987e-04
2.468253512688534101e-07
8.178217285603750497e-07
2.843571280664036749e-07
1.522498109807202127e-06
8.868082801427590312e-08
4.353990590288958629e-08
8.087410918733439757e-08
4.004959009762387723e-06
2.442218374199001119e-06
1.476350632856338052e-07
1.754604710413332214e-07
8.517794469753425801e-08
2.301086112765915459e-07
6.525970519533075276e-08
1.274148644370143302e-07
2.462248005485889735e-07
4.939489031130506191e-07
8.417703156737843528e-08
1.311201636156056338e-08
6.525978335503168637e-08
5.144712389437700040e-08
7.182387093962461222e-07
4.303945200234693402e-09
7.506881338770199363e-09
7.406789848118933151e-09
7.336724650031101191e-08
9.808991840998260159e-09
6.806239127854496473e-09
8.908155990638988442e-08
1.831678630992428225e-08
8.207523549685902253e-09
1.861705989369966119e-08
1.131034750301296299e-07
6.936350871455942979e-08
3.202936227353347931e-08
2.902660156678393832e-08
3.903578349451208851e-09
1.801651494659495256e-09
2.632413043102133088e-08
1.365250881235624547e-07
4.310460553824668750e-06
4.003670173169382451e-10
2.001835086584691226e-10
6.405872277071011922e-09
9.728915273399252328e-08
3.002752768654914917e-10
8.007339236115740277e-10
2.001835086584691226e-10
0.000000000000000000e+00
