3.160621821880340576e-01
5.525200366973876953e-01
7.279793024063110352e-01
8.360810279846191406e-01
9.156853556632995605e-01
9.453603625297546387e-01
9.649081230163574219e-01
9.825718402862548828e-01
9.865756034851074219e-01
9.886952638626098633e-01
9.922279715538024902e-01
9.924634695053100586e-01
9.952896833419799805e-01
9.969382882118225098e-01
9.959962368011474609e-01
9.971737861633300781e-01
9.959962368011474609e-01
9.976448416709899902e-01
9.971737861633300781e-01
9.962317347526550293e-01
9.988224506378173828e-01
9.964672923088073730e-01
9.981158971786499023e-01
9.983513951301574707e-01
9.992934465408325195e-01
9.988224506378173828e-01
9.988224506378173828e-01
9.990579485893249512e-01
9.981158971786499023e-01
9.978803396224975586e-01
9.985868930816650391e-01
9.962317347526550293e-01
9.981158971786499023e-01
9.997645020484924316e-01
9.983513951301574707e-01
9.981158971786499023e-01
9.978803396224975586e-01
9.995289444923400879e-01
9.981158971786499023e-01
9.978803396224975586e-01
9.988224506378173828e-01
9.985868930816650391e-01
9.952896833419799805e-01
9.976448416709899902e-01
9.992934465408325195e-01
9.971737861633300781e-01
9.983513951301574707e-01
9.992934465408325195e-01
9.997645020484924316e-01
9.988224506378173828e-01
1.000000000000000000e+00
9.992934465408325195e-01
9.997645020484924316e-01
9.988224506378173828e-01
9.974093437194824219e-01
9.995289444923400879e-01
9.990579485893249512e-01
9.988224506378173828e-01
9.990579485893249512e-01
9.978803396224975586e-01
9.992934465408325195e-01
9.992934465408325195e-01
9.978803396224975586e-01
9.997645020484924316e-01
9.997645020484924316e-01
9.995289444923400879e-01
9.985868930816650391e-01
9.992934465408325195e-01
9.995289444923400879e-01
9.992934465408325195e-01
9.995289444923400879e-01
9.997645020484924316e-01
9.990579485893249512e-01
9.997645020484924316e-01
9.988224506378173828e-01
9.990579485893249512e-01
9.988224506378173828e-01
9.976448416709899902e-01
9.978803396224975586e-01
9.985868930816650391e-01
9.988224506378173828e-01
9.990579485893249512e-01
9.997645020484924316e-01
9.997645020484924316e-01
9.997645020484924316e-01
9.995289444923400879e-01
1.000000000000000000e+00
9.995289444923400879e-01
9.988224506378173828e-01
9.985868930816650391e-01
9.983513951301574707e-01
9.995289444923400879e-01
9.983513951301574707e-01
9.995289444923400879e-01
9.992934465408325195e-01
9.990579485893249512e-01
9.990579485893249512e-01
9.981158971786499023e-01
1.000000000000000000e+00
9.995289444923400879e-01
