1.755288124084472656e+00
1.582966446876525879e+00
1.392176747322082520e+00
1.260894298553466797e+00
1.124718904495239258e+00
1.100413560867309570e+00
1.137052893638610840e+00
1.123256325721740723e+00
1.085091948509216309e+00
1.143204212188720703e+00
1.130731701850891113e+00
1.123073935508728027e+00
1.159116268157958984e+00
1.121007084846496582e+00
1.123162150382995605e+00
1.108324527740478516e+00
1.115708827972412109e+00
1.038636565208435059e+00
1.040076375007629395e+00
1.126725196838378906e+00
1.131011724472045898e+00
1.102293848991394043e+00
1.136291623115539551e+00
1.052297472953796387e+00
1.132532358169555664e+00
1.046792268753051758e+00
1.107645869255065918e+00
1.041511774063110352e+00
1.054298996925354004e+00
1.094807982444763184e+00
1.085192084312438965e+00
1.103534460067749023e+00
1.139814019203186035e+00
1.091837882995605469e+00
1.020431756973266602e+00
1.094789981842041016e+00
1.001584053039550781e+00
1.074944734573364258e+00
9.958947300910949707e-01
1.081578373908996582e+00
1.108335614204406738e+00
1.082507252693176270e+00
8.829427957534790039e-01
1.082602620124816895e+00
9.797065258026123047e-01
8.727660179138183594e-01
1.090205907821655273e+00
9.947152137756347656e-01
7.951111793518066406e-01
7.912737727165222168e-01
8.315981626510620117e-01
8.340837359428405762e-01
1.041965484619140625e+00
9.335666894912719727e-01
1.099286794662475586e+00
7.596163153648376465e-01
6.885604858398437500e-01
6.671254038810729980e-01
7.272244691848754883e-01
7.318226099014282227e-01
9.178637862205505371e-01
6.409888267517089844e-01
7.119749784469604492e-01
5.819953680038452148e-01
7.031381130218505859e-01
6.086270213127136230e-01
7.045823335647583008e-01
9.520745277404785156e-01
5.420778393745422363e-01
6.838636994361877441e-01
5.871160030364990234e-01
5.032008290290832520e-01
5.659494400024414062e-01
4.384667277336120605e-01
5.482217669486999512e-01
4.979185461997985840e-01
4.091819822788238525e-01
5.022609829902648926e-01
3.935037851333618164e-01
6.068534255027770996e-01
4.133093357086181641e-01
4.018061757087707520e-01
3.173772692680358887e-01
4.475132524967193604e-01
2.767185568809509277e-01
4.720778167247772217e-01
3.879651725292205811e-01
3.323762714862823486e-01
3.253762423992156982e-01
3.525632619857788086e-01
4.559691548347473145e-01
2.912296354770660400e-01
3.202067911624908447e-01
3.168589770793914795e-01
2.598263025283813477e-01
2.685311436653137207e-01
4.086911976337432861e-01
5.584762692451477051e-01
3.612681627273559570e-01
2.965991795063018799e-01
3.510567545890808105e-01
4.887661635875701904e-01
4.382186233997344971e-01
1.059119224548339844e+00
4.314484596252441406e-01
9.510629177093505859e-01
3.632456362247467041e-01
3.804751932621002197e-01
3.602898120880126953e-01
3.507531285285949707e-01
3.354600369930267334e-01
3.864577114582061768e-01
5.282734632492065430e-01
2.883201539516448975e-01
3.493185937404632568e-01
4.029698967933654785e-01
5.084167122840881348e-01
4.596346616744995117e-01
7.675738930702209473e-01
8.163105249404907227e-01
