3.056255280971527100e-01
4.021830260753631592e-01
4.517212510108947754e-01
4.895046055316925049e-01
4.878253638744354248e-01
4.945423901081085205e-01
4.785894155502319336e-01
4.911838769912719727e-01
4.920234978199005127e-01
4.920234978199005127e-01
4.794290363788604736e-01
4.928631484508514404e-01
4.802686870098114014e-01
4.903442561626434326e-01
4.979009330272674561e-01
5.121746659278869629e-01
5.533165335655212402e-01
5.373635888099670410e-01
5.314861536026000977e-01
4.819479286670684814e-01
4.819479286670684814e-01
4.853064715862274170e-01
4.987405538558959961e-01
5.457598567008972168e-01
5.046179890632629395e-01
5.331653952598571777e-01
5.020990967750549316e-01
5.340050458908081055e-01
5.852224826812744141e-01
5.491183996200561523e-01
4.911838769912719727e-01
4.945423901081085205e-01
4.819479286670684814e-01
5.012594461441040039e-01
5.331653952598571777e-01
5.012594461441040039e-01
5.356842875480651855e-01
5.424013137817382812e-01
5.348446965217590332e-01
5.004197955131530762e-01
4.869857132434844971e-01
4.995801746845245361e-01
6.045340299606323242e-01
4.953820407390594482e-01
5.323258042335510254e-01
5.852224826812744141e-01
5.029386878013610840e-01
5.533165335655212402e-01
6.389588713645935059e-01
6.272040009498596191e-01
6.246851682662963867e-01
6.146095991134643555e-01
5.188916921615600586e-01
5.499579906463623047e-01
4.995801746845245361e-01
6.431570053100585938e-01
6.842989325523376465e-01
6.515533328056335449e-01
6.658270359039306641e-01
6.616289019584655762e-01
5.424013137817382812e-01
7.086482048034667969e-01
6.297228932380676270e-01
7.279596924781799316e-01
6.230058670043945312e-01
6.675062775611877441e-01
6.028547286987304688e-01
4.727120101451873779e-01
7.783375382423400879e-01
6.095718145370483398e-01
7.120066881179809570e-01
7.749789953231811523e-01
7.128463387489318848e-01
8.018471598625183105e-01
7.422333955764770508e-01
7.884131073951721191e-01
8.278757333755493164e-01
7.497900724411010742e-01
7.850545644760131836e-01
6.347606778144836426e-01
8.085642457008361816e-01
8.320738673210144043e-01
9.042820930480957031e-01
7.942904829978942871e-01
9.303106665611267090e-01
7.632241845130920410e-01
8.026868104934692383e-01
8.799328207969665527e-01
8.581024408340454102e-01
8.329135179519653320e-01
7.548278570175170898e-01
8.916876316070556641e-01
8.329135179519653320e-01
8.446683287620544434e-01
9.160369634628295898e-01
8.790931701660156250e-01
7.968093752861022949e-01
6.356003284454345703e-01
8.077245950698852539e-01
8.354324102401733398e-01
8.127623796463012695e-01
7.455919384956359863e-01
7.388749122619628906e-01
5.155331492424011230e-01
7.816960811614990234e-01
5.558354258537292480e-01
7.800167798995971680e-01
8.052057027816772461e-01
7.749789953231811523e-01
7.724601030349731445e-01
7.724601030349731445e-01
7.590260505676269531e-01
7.405541539192199707e-01
8.060453534126281738e-01
7.590260505676269531e-01
7.615449428558349609e-01
7.590260505676269531e-01
7.573467493057250977e-01
7.590260505676269531e-01
7.581863999366760254e-01
