7.168851375579833984e+00
6.526184082031250000e+00
5.363784790039062500e+00
4.273436546325683594e+00
3.706598520278930664e+00
3.492445230484008789e+00
3.377747297286987305e+00
3.370112180709838867e+00
3.377425193786621094e+00
3.334661006927490234e+00
3.317713499069213867e+00
3.312456607818603516e+00
3.297546863555908203e+00
3.293252468109130859e+00
3.242638111114501953e+00
3.244968652725219727e+00
3.261265754699707031e+00
3.230268239974975586e+00
3.173608303070068359e+00
3.211239337921142578e+00
3.268474578857421875e+00
3.234185218811035156e+00
3.205215692520141602e+00
3.204701423645019531e+00
3.210831403732299805e+00
3.178864717483520508e+00
3.175210714340209961e+00
3.177730798721313477e+00
3.169578790664672852e+00
3.142632961273193359e+00
3.171229362487792969e+00
3.177469730377197266e+00
3.185181140899658203e+00
3.159417867660522461e+00
3.146797895431518555e+00
3.169785499572753906e+00
3.109318017959594727e+00
3.116676807403564453e+00
3.115481853485107422e+00
3.128048658370971680e+00
3.193974494934082031e+00
3.177183866500854492e+00
3.116192579269409180e+00
2.996052026748657227e+00
3.134843587875366211e+00
2.952055215835571289e+00
3.099506616592407227e+00
3.083841085433959961e+00
2.930312633514404297e+00
2.881256818771362305e+00
2.872646808624267578e+00
2.808829545974731445e+00
2.975464582443237305e+00
3.095128774642944336e+00
3.111403703689575195e+00
2.856039285659790039e+00
2.858544349670410156e+00
2.658807516098022461e+00
2.802308320999145508e+00
2.769953966140747070e+00
2.464544057846069336e+00
2.507296085357666016e+00
2.633268594741821289e+00
2.410964727401733398e+00
2.310587882995605469e+00
2.545556068420410156e+00
2.317945957183837891e+00
2.593954563140869141e+00
2.440617799758911133e+00
2.138685703277587891e+00
2.140352010726928711e+00
2.100928068161010742e+00
2.168427944183349609e+00
2.072660923004150391e+00
2.531188488006591797e+00
1.946125388145446777e+00
1.952740669250488281e+00
1.897449851036071777e+00
1.839930295944213867e+00
1.812388777732849121e+00
1.802160263061523438e+00
1.840219378471374512e+00
1.811836838722229004e+00
1.750006556510925293e+00
1.909670710563659668e+00
1.851112246513366699e+00
1.803565502166748047e+00
1.616019606590270996e+00
1.515127182006835938e+00
1.674684166908264160e+00
1.967550873756408691e+00
2.208027124404907227e+00
1.589409112930297852e+00
1.512464880943298340e+00
1.490093588829040527e+00
1.398432493209838867e+00
1.512316346168518066e+00
1.568556189537048340e+00
1.510557413101196289e+00
1.379400730133056641e+00
1.526850819587707520e+00
1.365882396697998047e+00
1.392496466636657715e+00
2.171705007553100586e+00
2.386541604995727539e+00
2.408151865005493164e+00
1.830723643302917480e+00
1.409773707389831543e+00
1.373174309730529785e+00
1.262298703193664551e+00
1.229478597640991211e+00
1.182306766510009766e+00
1.172483801841735840e+00
1.167230486869812012e+00
1.156941294670104980e+00
1.141888976097106934e+00
1.082769870758056641e+00
1.105467796325683594e+00
1.073164820671081543e+00
1.040712118148803711e+00
