1.716026067733764648e-01
3.373240828514099121e-01
3.963453173637390137e-01
4.528460502624511719e-01
4.618777632713317871e-01
4.658685028553009033e-01
4.679689109325408936e-01
4.709094762802124023e-01
4.635580778121948242e-01
4.730098843574523926e-01
4.734299480915069580e-01
4.681789577007293701e-01
4.696492254734039307e-01
4.622978270053863525e-01
4.797311425209045410e-01
4.669187068939208984e-01
4.799411892890930176e-01
4.795210957527160645e-01
4.963243007659912109e-01
4.795210957527160645e-01
4.702793657779693604e-01
4.681789577007293701e-01
4.841419756412506104e-01
4.841419756412506104e-01
4.860323369503021240e-01
4.896030128002166748e-01
4.870825409889221191e-01
4.889729022979736328e-01
4.982146620750427246e-01
4.971644580364227295e-01
4.868724942207336426e-01
4.807813465595245361e-01
4.860323369503021240e-01
4.963243007659912109e-01
4.862423837184906006e-01
4.887628555297851562e-01
5.032556056976318359e-01
4.986347258090972900e-01
5.078765153884887695e-01
5.074564218521118164e-01
4.828817546367645264e-01
4.755303561687469482e-01
4.948540329933166504e-01
5.374920964241027832e-01
4.973745048046112061e-01
5.465238690376281738e-01
5.047258734703063965e-01
5.076664686203002930e-01
5.555555820465087891e-01
5.559756159782409668e-01
5.580760240554809570e-01
5.755093693733215332e-01
5.269901156425476074e-01
5.057761073112487793e-01
5.022054314613342285e-01
5.696282386779785156e-01
5.668976902961730957e-01
6.076454520225524902e-01
5.748792290687561035e-01
5.845410823822021484e-01
6.467128992080688477e-01
6.393615007400512695e-01
6.124763488769531250e-01
6.574249267578125000e-01
6.681369543075561523e-01
6.372610926628112793e-01
6.891409158706665039e-01
6.433522105216979980e-01
6.412518620491027832e-01
7.269481420516967773e-01
7.206469178199768066e-01
7.353497147560119629e-01
7.147657871246337891e-01
7.334593534469604492e-01
6.626759171485900879e-01
7.683259844779968262e-01
7.779878377914428711e-01
7.884898185729980469e-01
8.029825687408447266e-01
8.042427897453308105e-01
8.092837929725646973e-01
8.199958205223083496e-01
8.122243285179138184e-01
8.302877545356750488e-01
7.981516718864440918e-01
7.979416251182556152e-01
8.021423816680908203e-01
8.468809127807617188e-01
8.565427660942077637e-01
8.361688852310180664e-01
7.819785475730895996e-01
7.172862887382507324e-01
8.508716821670532227e-01
8.466708660125732422e-01
8.584331274032592773e-01
8.706154227256774902e-01
8.481411337852478027e-01
8.391094207763671875e-01
8.439403772354125977e-01
8.634740710258483887e-01
8.494014143943786621e-01
8.605334758758544922e-01
8.626338839530944824e-01
7.017433047294616699e-01
6.767485737800598145e-01
6.752783060073852539e-01
7.945809960365295410e-01
8.548624515533447266e-01
8.596933484077453613e-01
8.693552017211914062e-01
8.779668211936950684e-01
8.737660050392150879e-01
8.777567744255065918e-01
8.746061921119689941e-01
8.767066001892089844e-01
8.741860985755920410e-01
8.725057840347290039e-01
8.666246533393859863e-01
8.670447468757629395e-01
8.685150146484375000e-01
